#Lap1 control vertices 

#outer control pointes:
[-3.320322525322412, 0.0, -41.276900121042246]
[-4.284227696492956, 0.0, -42.75246767981512]
[-6.312699462154292, 0.0, -44.19563854254236]
[-7.450184167459076, 0.0, -47.08988582207172]
[-8.58766887276386, 0.0, -49.98413310160109]
[-8.834166517712093, 0.0, -54.329456797932565]
[-9.465924726618553, 0.0, -58.42292175090862]
[-10.097682935525015, 0.0, -62.51638670388468]
[-11.114701708389699, 0.0, -66.35799291350531]
[-12.4930543948732, 0.0, -68.28396264163757]
[-13.8714070813567, 0.0, -70.20993236976983]
[-15.611093681459014, 0.0, -70.22026561641371]
[-16.901013259420807, 0.0, -70.66481563901357]
[-18.190932837382597, 0.0, -71.10936566161342]
[-19.031085393203867, 0.0, -71.98813246016925]
[-20.97943510702884, 0.0, -72.20241415669683]
[-22.927784820853812, 0.0, -72.41669585322441]
[-25.98433169268248, 0.0, -71.96649244772371]
[-27.671097077437157, 0.0, -71.44059117696051]
[-29.357862462191832, 0.0, -70.9146899061973]
[-29.67484635987251, 0.0, -70.31309077017157]
[-29.98482780793237, 0.0, -68.85772464456582]
[-30.294809255992224, 0.0, -67.40235851896009]
[-30.597788254431258, 0.0, -65.09322540377433]
[-30.80219358517199, 0.0, -63.13620309896503]
[-31.006598915912722, 0.0, -61.17918079415573]
[-31.11243057895514, 0.0, -59.574269299722886]
[-31.30134254363637, 0.0, -57.576145398667514]
[-31.490254508317598, 0.0, -55.57802149761214]
[-31.762246774637628, 0.0, -53.18668518993424]
[-32.162189735106274, 0.0, -51.29385349393509]
[-32.56213269557492, 0.0, -49.40102179793594]
[-33.090026350192176, 0.0, -48.00669471361553]
[-34.34242027593308, 0.0, -47.02780071086782]
[-35.59481420167399, 0.0, -46.04890670812011]
[-37.57170839853855, 0.0, -45.48544578694509]
[-39.17154601654368, 0.0, -45.11446241941131]
[-40.77138363454881, 0.0, -44.743479051877536]
[-41.99416467369451, 0.0, -44.56497323798499]
[-44.49112240348465, 0.0, -45.91151171716101]
[-46.98808013327479, 0.0, -47.25805019633704]
[-50.75921455370937, 0.0, -50.12963296858164]
[-53.377178499354635, 0.0, -52.14549966192256]
[-55.9951424449999, 0.0, -54.16136635526348]
[-57.45993591585585, 0.0, -55.321516969700724]
[-59.56650172786817, 0.0, -56.05190215044634]
[-61.6730675398805, 0.0, -56.78228733119195]
[-64.4214056930492, 0.0, -57.08290707824594]
[-66.78357990992298, 0.0, -56.291477695522076]
[-69.14575412679676, 0.0, -55.500048312798214]
[-71.12176440737561, 0.0, -53.61656980029649]
[-71.58149861695583, 0.0, -52.05208723967507]
[-72.04123282653606, 0.0, -50.487604679053646]
[-70.98469096511765, 0.0, -49.242118070312515]
[-70.89284261815132, 0.0, -47.00157401700204]
[-70.80099427118498, 0.0, -44.76102996369158]
[-71.67383943867071, 0.0, -41.52542846581176]
[-71.17827475165917, 0.0, -39.51550414350743]
[-70.68271006464764, 0.0, -37.5055798212031]
[-68.81873552313881, 0.0, -36.721332674474255]
[-65.9325107962115, 0.0, -35.57038451773881]
[-63.04628606928419, 0.0, -34.41943636100336]
[-59.1378111569384, 0.0, -32.90178719426131]
[-57.100152818685004, 0.0, -31.46096993146046]
[-55.06249448043161, 0.0, -30.020152668659613]
[-54.89565271627062, 0.0, -28.65616730979996]
[-55.774544053647176, 0.0, -27.093638423662718]
[-56.65343539102373, 0.0, -25.53110953752547]
[-58.578059829937814, 0.0, -23.770037124110626]
[-60.58800109778865, 0.0, -22.249713031548033]
[-62.597942365639476, 0.0, -20.729388938985437]
[-64.69320046242704, 0.0, -19.449813167275092]
[-66.36242513020667, 0.0, -17.992068906591044]
[-68.03164979798632, 0.0, -16.534324645906995]
[-69.27484103675802, 0.0, -14.89841189624924]
[-69.12357791516536, 0.0, -12.982561791838297]
[-68.97231479357269, 0.0, -11.066711687427356]
[-67.42659731161567, 0.0, -8.870924228263224]
[-66.28737175638626, 0.0, -7.469444350088507]
[-65.14814620115686, 0.0, -6.067964471913789]
[-64.41541257265509, 0.0, -5.4607921747284855]
[-61.77921867133832, 0.0, -4.919205951994725]
[-59.143024770021555, 0.0, -4.377619729260963]
[-54.60337059588978, 0.0, -3.9016195809787417]
[-51.171313339464575, 0.0, -4.461314696812581]
[-47.73925608303938, 0.0, -5.021009812646421]
[-45.41479574432075, 0.0, -6.616400192596319]
[-43.693866043955666, 0.0, -8.223513442125798]
[-41.972936343590575, 0.0, -9.830626691655276]
[-40.85553728157903, 0.0, -11.449462810764334]
[-39.37498625519906, 0.0, -13.58380371408828]
[-37.89443522881909, 0.0, -15.718144617412227]
[-36.050732238070694, 0.0, -18.36799030495106]
[-34.089325617754916, 0.0, -19.611611871893437]
[-32.12791899743914, 0.0, -20.855233438835814]
[-30.048808747555977, 0.0, -20.692630885181728]
[-28.68703647781127, 0.0, -20.168635551036154]
[-27.32526420806656, 0.0, -19.64464021689058]
[-26.680829918460304, 0.0, -18.759252102253516]
[-25.786278912195243, 0.0, -16.729644708428076]
[-24.891727905930182, 0.0, -14.700037314602636]
[-23.74706018300631, 0.0, -11.526210641588815]
[-22.94280484700195, 0.0, -9.26947194177423]
[-22.138549510997585, 0.0, -7.012733241959645]
[-21.674706561912725, 0.0, -5.673082515344296]
[-20.14401425975318, 0.0, -4.597274872983071]
[-18.613321957593637, 0.0, -3.5214672306218473]
[-16.015780302359406, 0.0, -2.7095026725147475]
[-13.561513741445772, 0.0, -2.2568942867186434]
[-11.107247180532136, 0.0, -1.8042859009225398]
[-8.796255713939091, 0.0, -1.711033687437432]
[-7.275391223168851, 0.0, -2.0870297881522455]
[-5.754526732398611, 0.0, -2.463025888867059]
[-5.023789217451175, 0.0, -3.3082703037817938]
[-4.5096480593686525, 0.0, -3.939656819911552]
[-3.99550690128613, 0.0, -4.57104333604131]
[-3.697962100068521, 0.0, -4.98857195338609]
[-3.4231022441335037, 0.0, -6.954417845727234]
[-3.1482423881984865, 0.0, -8.920263738068378]
[-2.8960674775460604, 0.0, -12.434426905405887]
[-2.771527082721406, 0.0, -14.3066216056942]
[-2.6469866878967516, 0.0, -16.17881630598251]
[-2.650080808899869, 0.0, -16.409042539221623]
[-2.6509723529514093, 0.0, -16.927341278005507]
[-2.6518638970029498, 0.0, -17.44564001678939]
[-2.6505528641029135, 0.0, -18.252011261118042]
[-2.649760495831627, 0.0, -19.231412973145137]
[-2.648968127560341, 0.0, -20.21081468517223]
[-2.6486944239178043, 0.0, -21.36324686489776]
[-2.6755756473412244, 0.0, -24.392104951915876]
[-2.702456870764644, 0.0, -27.420963038933987]
[-2.75649302125402, 0.0, -32.326247033244684]
[-2.662488276566802, 0.0, -35.39912867683836]
[-2.5684835318795844, 0.0, -38.472010320432034]
[-2.3264378920157727, 0.0, -39.71248961330868]
[-3.320322525322412, 0.0, -41.276900121042246]
 
 
# middle control pointes:
[-3.6085009920267166, 0.0, -41.083499764097255]
[-4.526390605429157, 0.0, -42.46236455154634]
[-6.594211285911432, 0.0, -43.99555043774673]
[-7.76405640194378, 0.0, -46.95795736770727]
[-8.933901517976128, 0.0, -49.92036429766782]
[-9.205771069558548, 0.0, -54.31199227138852]
[-9.826751468972093, 0.0, -58.38410011129374]
[-10.447731868385638, 0.0, -62.45620795119896]
[-11.41782311563031, 0.0, -66.2087956572887]
[-12.74471035721379, 0.0, -68.0672719295169]
[-14.07159759879727, 0.0, -69.92574820174511]
[-15.75528083471956, 0.0, -69.89011304011177]
[-17.021029362162388, 0.0, -70.32667871526954]
[-18.28677788960522, 0.0, -70.76324439042729]
[-19.134591708568585, 0.0, -71.67201090237613]
[-21.045800158918603, 0.0, -71.87598624021032]
[-22.95700860926862, 0.0, -72.0799615780445]
[-25.931611691005283, 0.0, -71.57914574176402]
[-27.535743057819218, 0.0, -71.10133252890971]
[-29.139874424633156, 0.0, -70.6235193160554]
[-29.373534076524365, 0.0, -70.16870872662724]
[-29.648747717725307, 0.0, -68.77737132839793]
[-29.92396135892625, 0.0, -67.38603393016862]
[-30.24072898943692, 0.0, -65.05816972313815]
[-30.453701894331132, 0.0, -63.096577242895464]
[-30.66667479922534, 0.0, -61.13498476265278]
[-30.77585297850309, 0.0, -59.53966400919787]
[-30.956798271458617, 0.0, -57.54489210185966]
[-31.13774356441414, 0.0, -55.550120194521455]
[-31.390455971047444, 0.0, -53.15589713329994]
[-31.812062119976204, 0.0, -51.21855320556763]
[-32.233668268904964, 0.0, -49.281209277835316]
[-32.82416816012918, 0.0, -47.80074448359221]
[-34.126305376949034, 0.0, -46.764294169183785]
[-35.42844259376889, 0.0, -45.727843854775365]
[-37.442217136184375, 0.0, -45.13540802020162]
[-39.10695927503559, 0.0, -44.76310530976458]
[-40.7717014138868, 0.0, -44.39080259932754]
[-42.08741114917375, 0.0, -44.23863301302721]
[-44.641019160932, 0.0, -45.60231350658708]
[-47.19462717269025, 0.0, -46.96599400014695]
[-50.9861334609198, 0.0, -49.84552457356702]
[-53.59613422728984, 0.0, -51.864097926096406]
[-56.206134993659866, 0.0, -53.88267127862579]
[-57.63463023817036, 0.0, -55.0402874102645]
[-59.68360007995583, 0.0, -55.73736662428677]
[-61.7325699217413, 0.0, -56.434445838309045]
[-64.40201436080173, 0.0, -56.67098813471488]
[-66.67663933612027, 0.0, -55.93102993582366]
[-68.95126431143883, 0.0, -55.191071736932436]
[-70.8310698230155, 0.0, -53.47461304274415]
[-71.25481613205284, 0.0, -51.993206668975006]
[-71.67856244109018, 0.0, -50.51180029520585]
[-70.6462495475882, 0.0, -49.26544624185584]
[-70.55048126082082, 0.0, -47.02251179969453]
[-70.45471297405342, 0.0, -44.779577357533206]
[-71.29548929402063, 0.0, -41.540062526560575]
[-70.85233907461304, 0.0, -39.59874672509313]
[-70.40918885520546, 0.0, -37.65743092362568]
[-68.68211209642308, 0.0, -37.01431415166341]
[-65.82137557385856, 0.0, -35.91914137748908]
[-62.96063905129403, 0.0, -34.823968603314746]
[-58.96624276494735, 0.0, -33.27673982692834]
[-56.86626052872012, 0.0, -31.723100220079495]
[-54.76627829249289, 0.0, -30.169460613230648]
[-54.56071010638511, 0.0, -28.60941017591935]
[-55.45759073196685, 0.0, -26.94606879803299]
[-56.3544713575486, 0.0, -25.282727420146628]
[-58.35380079481986, 0.0, -23.516095101685202]
[-60.387934943507375, 0.0, -21.975373948918794]
[-62.42206909219489, 0.0, -20.434652796152385]
[-64.49100795229863, 0.0, -19.119842809080986]
[-66.12323330550919, 0.0, -17.7147783652286]
[-67.75545865871973, 0.0, -16.309713921376215]
[-68.95097050503708, 0.0, -14.814395020742836]
[-68.7896439563099, 0.0, -13.002301454262126]
[-68.62831740758274, 0.0, -11.190207887781416]
[-67.11015246381103, 0.0, -9.061339655453374]
[-66.02261404489907, 0.0, -7.70883431017521]
[-64.93507562598711, 0.0, -6.356328964897047]
[-64.27816373193488, 0.0, -5.780186506668763]
[-61.695985437158186, 0.0, -5.2557641761060445]
[-59.11380714238148, 0.0, -4.731341845543325]
[-54.60636244688028, 0.0, -4.25863964264617]
[-51.23158135054393, 0.0, -4.803882861686322]
[-47.85680025420757, 0.0, -5.349126080726474]
[-45.614682757036036, 0.0, -6.912314721703934]
[-43.93668426288322, 0.0, -8.48348816798865]
[-42.25868576873041, 0.0, -10.054661614273368]
[-41.1448062775963, 0.0, -11.633819865865343]
[-39.66036527131057, 0.0, -13.776955432744465]
[-38.17592426502483, 0.0, -15.920090999623586]
[-36.32092174358747, 0.0, -18.627203881789853]
[-34.27723430209211, 0.0, -19.909630897728952]
[-32.23354686059675, 0.0, -21.19205791366805]
[-30.0011744990434, 0.0, -21.049799063379982]
[-28.541935883065285, 0.0, -20.490621190287523]
[-27.082697267087173, 0.0, -19.931443317195065]
[-26.396592396684298, 0.0, -18.955346421298213]
[-25.473048133281946, 0.0, -16.875570389095593]
[-24.549503869879594, 0.0, -14.795794356892971]
[-23.38852021347777, 0.0, -11.612339188384578]
[-22.605398928199968, 0.0, -9.38725089180401]
[-21.822277642922167, 0.0, -7.162162595223442]
[-21.41701872876839, 0.0, -5.895441170570695]
[-19.93898827496521, 0.0, -4.868437420181089]
[-18.46095782116203, 0.0, -3.8414336697914835]
[-15.910155827709445, 0.0, -3.054147593665016]
[-13.499355016402067, 0.0, -2.6090307054743027]
[-11.08855420509469, 0.0, -2.1639138172835892]
[-8.817754575932518, 0.0, -2.060966117028629]
[-7.361579568514216, 0.0, -2.4153673067373362]
[-5.905404561095914, 0.0, -2.7697684964460434]
[-5.263854175421477, 0.0, -3.5815185761184174]
[-4.795788206380559, 0.0, -4.158338243893155]
[-4.327722237339641, 0.0, -4.735157911667893]
[-4.033140684932242, 0.0, -5.077047167544995]
[-3.762756717917482, 0.0, -7.008710117962877]
[-3.492372750902722, 0.0, -8.940373068380758]
[-3.246186369280599, 0.0, -12.46180971333942]
[-3.12309317824942, 0.0, -14.330375789986395]
[-2.9999999872182412, 0.0, -16.19894186663337]
[-2.9999999867780067, 0.0, -16.414637374968652]
[-2.999999986197137, 0.0, -16.928554628736492]
[-2.9999999856162676, 0.0, -17.442471882504336]
[-2.999999984894763, 0.0, -18.254610881704735]
[-2.9999999871717993, 0.0, -19.232888734487414]
[-2.999999989448836, 0.0, -20.211166587270093]
[-2.999999994724414, 0.0, -21.355583293635043]
[-3.025782378358715, 0.0, -24.38704958002629]
[-3.051564761993016, 0.0, -27.418515866417536]
[-3.103129523986041, 0.0, -32.33703173283508]
[-3.012891178143856, 0.0, -35.408561510392744]
[-2.922652832301671, 0.0, -38.4800912879504]
[-2.6906113786242765, 0.0, -39.70463497664817]
[-3.6085009920267166, 0.0, -41.083499764097255]
 
 
# inner control pointes:
[-3.8884457658835725, 0.0, -40.89562517654392]
[-4.761634803460951, 0.0, -42.18054991948379]
[-6.867679924487099, 0.0, -43.801179192387295]
[-8.0689608057187, 0.0, -46.82979841322227]
[-9.2702416869503, 0.0, -49.85841763405725]
[-9.566758328387351, 0.0, -54.295026802823685]
[-10.177268906033504, 0.0, -58.34638764663298]
[-10.787779483679657, 0.0, -62.39774849044227]
[-11.712283997534907, 0.0, -66.06386100929441]
[-12.989176186351937, 0.0, -67.8567722610067]
[-14.266068375168967, 0.0, -69.64968351271898]
[-15.895348238947776, 0.0, -69.56939349729139]
[-17.13761635770438, 0.0, -69.99820294305158]
[-18.379884476460983, 0.0, -70.42701238881179]
[-19.23514085019538, 0.0, -71.36492129575977]
[-21.110269194991808, 0.0, -71.55888473719362]
[-22.98539753978824, 0.0, -71.75284817862747]
[-25.880397855646706, 0.0, -71.2028661545472]
[-27.40425615952116, 0.0, -70.7717670564798]
[-28.928114463395616, 0.0, -70.34066795841242]
[-29.080830755286062, 0.0, -70.02845178635793]
[-29.322269985648052, 0.0, -68.69931371832763]
[-29.563709216010043, 0.0, -67.37017565029731]
[-29.89387138484357, 0.0, -65.02411568629117]
[-30.115167060996963, 0.0, -63.05808362721835]
[-30.336462737150356, 0.0, -61.09205156814554]
[-30.44889192062361, 0.0, -59.50604741400606]
[-30.622098162187942, 0.0, -57.514531706442796]
[-30.795304403752276, 0.0, -55.52301599887953]
[-31.02928770340769, 0.0, -53.125988737892484]
[-31.471938110779835, 0.0, -51.14540439156919]
[-31.91458851815198, 0.0, -49.16482004524589]
[-32.565906033240864, 0.0, -47.60067861358634]
[-33.916365278771536, 0.0, -46.508316414171695]
[-35.26682452430221, 0.0, -45.41595421475705]
[-37.316425500274676, 0.0, -44.79537124758731]
[-39.044217767638614, 0.0, -44.421786931186084]
[-40.77201003500256, 0.0, -44.048202614784856]
[-42.17799359375797, 0.0, -43.921616949152146]
[-44.78663329997056, 0.0, -45.30194966069518]
[-47.395273006183146, 0.0, -46.68228237223821]
[-51.20656885985291, 0.0, -49.56953346095698]
[-53.80883393900956, 0.0, -51.59073612778668]
[-56.411099018166205, 0.0, -53.61193879461637]
[-57.80433332280973, 0.0, -54.76709303955698]
[-59.79735284838361, 0.0, -55.43181788554004]
[-61.790372373957496, 0.0, -56.09654273152311]
[-64.38317712046174, 0.0, -56.270838178548615]
[-66.57275419057218, 0.0, -55.58088057251463]
[-68.76233126068263, 0.0, -54.890922966480645]
[-70.54868065439928, 0.0, -53.336712307387145]
[-70.93746733388306, 0.0, -51.936008502216254]
[-71.32625401336685, 0.0, -50.535304697045355]
[-70.31747797861775, 0.0, -49.28810774579706]
[-70.21790175803439, 0.0, -47.04285122134756]
[-70.11832553745103, 0.0, -44.79759469689806]
[-70.92794913103339, 0.0, -41.554278599247354]
[-70.53571576751631, 0.0, -39.679611093706086]
[-70.14348240399922, 0.0, -37.80494358816482]
[-68.54939208338267, 0.0, -37.29892467473297]
[-65.7134155842717, 0.0, -36.257933663567854]
[-62.877439085160724, 0.0, -35.216942652402736]
[-58.79957640755532, 0.0, -33.64097954350433]
[-56.63905097541204, 0.0, -31.977741117652194]
[-54.47852554326876, 0.0, -30.314502691800058]
[-54.23533735658761, 0.0, -28.56398894899418]
[-55.14969325017858, 0.0, -26.80271541724347]
[-56.06404914376955, 0.0, -25.04144188549276]
[-58.135949117632656, 0.0, -23.269408564797207]
[-60.193584943478584, 0.0, -21.70887314570372]
[-62.25122076932452, 0.0, -20.148337726610233]
[-64.29459244715326, 0.0, -18.79930020911881]
[-65.89087556644407, 0.0, -17.445410415897246]
[-67.48715868573488, 0.0, -16.09152062267568]
[-68.63635324648773, 0.0, -14.732778553723971]
[-68.46525083832572, 0.0, -13.021477081435354]
[-68.2941484301637, 0.0, -11.310175609146738]
[-66.80274905308683, 0.0, -9.246314733521212]
[-65.76542097151219, 0.0, -7.941384634551822]
[-64.72809288993754, 0.0, -6.636454535582432]
[-64.14483610386513, 0.0, -6.090455213269178]
[-61.61513010604769, 0.0, -5.582706389680647]
[-59.08542410823024, 0.0, -5.074957566092115]
[-54.60926889866775, 0.0, -4.605459241228305]
[-51.29012755316246, 0.0, -5.136663467027809]
[-47.97098620765718, 0.0, -5.667867692827313]
[-45.80885872620908, 0.0, -7.199774469290132]
[-44.172564788657766, 0.0, -8.736034969870545]
[-42.53627085110646, 0.0, -10.272295470450956]
[-41.42581045745193, 0.0, -11.812909695148962]
[-39.93759061556449, 0.0, -13.964588633111578]
[-38.44937077367705, 0.0, -16.116267571074196]
[-36.583391483556696, 0.0, -18.879011222301425]
[-34.4597741198801, 0.0, -20.19913495372191]
[-32.33615675620351, 0.0, -21.51925868514239]
[-29.954901318970684, 0.0, -21.396762496756125]
[-28.400981099564987, 0.0, -20.80340730922656]
[-26.847060880159294, 0.0, -20.210052121696997]
[-26.120475878580724, 0.0, -19.145837935024133]
[-25.168766737768287, 0.0, -17.017326648970162]
[-24.217057596955854, 0.0, -14.888815362916192]
[-23.04022431690955, 0.0, -11.696006977481112]
[-22.27763325170906, 0.0, -9.501664823962106]
[-21.515042186508566, 0.0, -7.307322670443101]
[-21.166693336153877, 0.0, -6.111446748840171]
[-19.739820087421002, 0.0, -5.131852454348897]
[-18.31294683868813, 0.0, -4.152258159857622]
[-15.807549191577067, 0.0, -3.3889454924780007]
[-13.438972289224532, 0.0, -2.951106101063049]
[-11.070395386871997, 0.0, -2.5132667096480974]
[-8.838639229277991, 0.0, -2.4009005941978154]
[-7.445305417975786, 0.0, -2.7343238169082387]
[-6.051971606673581, 0.0, -3.0677470396186624]
[-5.497060141663177, 0.0, -3.8469596004897912]
[-5.073752924399216, 0.0, -4.370771526557313]
[-4.650445707135256, 0.0, -4.894583452624835]
[-4.35874273761774, 0.0, -5.162994743888751]
[-4.092706778506634, 0.0, -7.06145136867492]
[-3.8266708193955288, 0.0, -8.959907993461089]
[-3.586301870690834, 0.0, -12.488409951769512]
[-3.4646145358894165, 0.0, -14.353451078468893]
[-3.3429272010879987, 0.0, -16.218492205168275]
[-3.339921480189858, 0.0, -16.420072500258613]
[-3.339055403047503, 0.0, -16.92973345761743]
[-3.3381893259051485, 0.0, -17.439394414976245]
[-3.3394628925185783, 0.0, -18.257136034603533]
[-3.340232631595485, 0.0, -19.23432218040826]
[-3.341002370672392, 0.0, -20.211508326212986]
[-3.3412682822127753, 0.0, -21.34813899819515]
[-3.3659832126092923, 0.0, -24.38213889910277]
[-3.3906981430058094, 0.0, -27.416138800010387]
[-3.4398620922584606, 0.0, -32.34750792984346]
[-3.353282559268202, 0.0, -35.417724560876295]
[-3.2667030262779435, 0.0, -38.48794119190912]
[-3.044380011044775, 0.0, -39.69700532414171]
[-3.8884457658835725, 0.0, -40.89562517654392]

