
# middle track:
[29.67864007477028, 0.0, -12.16974789208728]   
[30.710383345797638, 0.0, -12.169738292487885]
[31.736525178899484, 0.0, -12.169746230303911]
[32.764166752030334, 0.0, -12.169747896090879]
[33.791808325161185, 0.0, -12.169749561877849]
[34.82094963832104, 0.0, -12.169744955635762]
[35.84977639006419, 0.0, -12.169747971214097]
[36.878603141807346, 0.0, -12.169750986792431]
[37.9071153321338, 0.0, -12.169761624191187]
[38.93542335801612, 0.0, -12.169748046651094]
[39.96373138389845, 0.0, -12.169734469111003]
[40.99183524533664, 0.0, -12.16969667663206]
[42.02078357368677, 0.0, -12.169748122035205]
[43.04973190203691, 0.0, -12.169799567438352]
[44.07952469729899, 0.0, -12.169940250723581]
[45.10677995749218, 0.0, -12.169748196475101]
[46.13403521768536, 0.0, -12.16955614222662]
[47.15875294280963, 0.0, -12.169031350444428]
[48.19150947877476, 0.0, -12.16974827062781]
[49.2242660147399, 0.0, -12.170465190811193]
[50.26506136154588, 0.0, -12.172423822960152]
[51.278589665665734, 0.0, -12.169748344321986]
[52.29211796978558, 0.0, -12.16707286568382]
[53.27837923121929, 0.0, -12.15976327625853]
[54.36115524480357, 0.0, -12.169748417674802]
[55.44393125838785, 0.0, -12.179733559091073]
[56.62322202412267, 0.0, -12.207013431348907]
[57.89505359301655, 0.0, -12.22602081380473]
[59.16688516191043, 0.0, -12.245028196260552]
[60.53125753396337, 0.0, -12.255763088914366]
[62.067330663131656, 0.0, -12.345599580816863]
[63.60340379229993, 0.0, -12.43543607271936]
[65.31117767858358, 0.0, -12.604374163870544]
[66.68847383100129, 0.0, -12.866118620859213]
[68.06576998341902, 0.0, -13.127863077847882]
[69.11258840197081, 0.0, -13.48241390067404]
[70.07540570002367, 0.0, -13.995772696847487]
[71.03822299807652, 0.0, -14.509131493020934]
[71.91703917563042, 0.0, -15.18129826254167]
[72.48140913594213, 0.0, -16.153267161397764]
[73.04577909625382, 0.0, -17.125236060253854]
[73.29570283932333, 0.0, -18.397007088445307]
[73.35621804815906, 0.0, -19.713335818964175]
[73.4167332569948, 0.0, -21.02966454948305]
[73.28783993159678, 0.0, -22.39055098232936]
[72.91122338076066, 0.0, -23.455368052198974]
[72.53460682992454, 0.0, -24.52018512206859]
[71.91026705365032, 0.0, -25.28893282896152]
[70.9229732537657, 0.0, -25.849901103625015]
[68.94838565399648, 0.0, -26.97183765295201]
[65.5219819597857, 0.0, -27.262656473361275]
[63.25553420263299, 0.0, -27.39339730375101]
[62.12231032405663, 0.0, -27.45876771894588]
[61.27907542974478, 0.0, -27.48411863663587]
[60.33517735078238, 0.0, -27.4888355982295]
[59.39127927181999, 0.0, -27.49355255982313]
[58.34671800820705, 0.0, -27.477635565320412]
[57.31171550947416, 0.0, -27.48840714721561]
[56.276713010741275, 0.0, -27.499178729110817]
[55.25126927688842, 0.0, -27.536638887403946]
[54.224284170056094, 0.0, -27.547926876518567]
[53.19729906322377, 0.0, -27.55921486563318]
[52.16877258341195, 0.0, -27.544330685569292]
[51.14006410554188, 0.0, -27.533414413350613]
[50.1113556276718, 0.0, -27.522498141131933]
[49.08246515174346, 0.0, -27.515549776758462]
[48.05392524325593, 0.0, -27.516699911614822]
[47.0253853347684, 0.0, -27.517850046471175]
[45.99719599372166, 0.0, -27.52709868055736]
[44.968725421206, 0.0, -27.530489495768236]
[43.94025484869034, 0.0, -27.533880310979114]
[42.91150304470575, 0.0, -27.53141330731468]
[41.882949992579306, 0.0, -27.530132822139613]
[40.85439694045285, 0.0, -27.528852336964547]
[39.826042640184546, 0.0, -27.528758370278844]
[38.79751729201921, 0.0, -27.53010331708486]
[37.76899194385388, 0.0, -27.531448263890873]
[36.74029554779152, 0.0, -27.5342321241886]
[35.71180758305154, 0.0, -27.53231735135904]
[34.68331961831156, 0.0, -27.53040257852949]
[33.65504008489394, 0.0, -27.52378917257264]
[32.62644626082074, 0.0, -27.518579602560905]
[31.59785243674755, 0.0, -27.51337003254917]
[30.568944322018787, 0.0, -27.509564298482537]
[29.54059008472471, 0.0, -27.51195779855967]
[28.512235847430627, 0.0, -27.514351298636797]
[27.48443548757124, 0.0, -27.522944032857694]
[26.45602763050955, 0.0, -27.559050595311824]
[25.427619773447866, 0.0, -27.59515715776596]
[24.398604419183883, 0.0, -27.658777548453337]
[23.380785999872337, 0.0, -27.8020551143376]
[22.362967580560788, 0.0, -27.94533268022186]
[21.35634609620168, 0.0, -28.168267421303007]
[20.400864420356545, 0.0, -28.56192272608064]
[19.445382744511406, 0.0, -28.955578030858277]
[18.541040877180237, 0.0, -29.519953899332407]
[17.899446104334, 0.0, -30.310925169854627]
[17.257851331487768, 0.0, -31.10189644037684]
[16.879003653126464, 0.0, -32.119463112947145]
[16.77848545452293, 0.0, -33.14865118474227]
[16.67796725591939, 0.0, -34.17783925653741]
[16.855778537073626, 0.0, -35.21864872755737]
[17.312773342679932, 0.0, -36.13703982128]
[17.769768148286232, 0.0, -37.055430915002624]
[18.505946478344597, 0.0, -37.85140363142792]
[19.382316192789865, 0.0, -38.38512161630813]
[20.258685907235144, 0.0, -38.91883960118836]
[21.275247006067325, 0.0, -39.190302854523495]
[22.285002446730594, 0.0, -39.36392212487493]
[23.294757887393857, 0.0, -39.53754139522637]
[24.297707669888208, 0.0, -39.61331668259411]
[25.354111090792173, 0.0, -39.64993053033742]
[26.410514511696135, 0.0, -39.68654437808074]
[27.520371571009704, 0.0, -39.68399678619963]
[28.43838014044928, 0.0, -39.68920522346755]
[29.356388709888854, 0.0, -39.69441366073548]
[30.08254878945443, 0.0, -39.707378127152424]
[31.04596364246295, 0.0, -39.71274113478625]
[32.009378495471466, 0.0, -39.718104142420074]
[33.210048121922924, 0.0, -39.715865691270764]
[34.31231967239448, 0.0, -39.72266267479003]
[37.619134323809156, 0.0, -39.74305362534783]
[40.04036629140474, 0.0, -39.84476348792278]
[42.175510279158985, 0.0, -40.87432330689517]
[42.887224941743725, 0.0, -41.2175099132193]
[43.56715205101276, 0.0, -41.66379095914314]
[44.06690678070223, 0.0, -42.35767438066219]
[44.566661510391704, 0.0, -43.05155780218124]
[44.8862438605016, 0.0, -43.99304359929549]
[45.10344078860754, 0.0, -45.100920327212954]
[45.32063771671349, 0.0, -46.20879705513042]
[45.43544922281549, 0.0, -47.48306471385111]
[45.484685982670726, 0.0, -48.52054343083957]
[45.53392274252596, 0.0, -49.558022147828005]
[45.517584756134426, 0.0, -50.35871192308423]
[45.51853216179919, 0.0, -51.305360153046735]
[45.51947956746396, 0.0, -52.25200838300923]
[45.53771236518503, 0.0, -53.34461506767802]
[45.54391940946978, 0.0, -54.379560723875315]
[45.55012645375454, 0.0, -55.41450638007262]
[45.544307744602975, 0.0, -56.39179100779843]
[45.543918493101856, 0.0, -57.46267498714262]
[45.54352924160074, 0.0, -58.53355896648681]
[45.548569447750054, 0.0, -59.698042297449376]
[45.5972382770193, 0.0, -60.69264611843745]
[45.6945759355578, 0.0, -62.6818537604136]
[45.966428086576016, 0.0, -63.991543362491754]
[46.57088869520623, 0.0, -65.12017112000278]
[46.87311899952134, 0.0, -65.6844849987583]
[47.25850141823945, 0.0, -66.20353341637203]
[47.95993799280929, 0.0, -66.70899910790673]
[48.66137456737913, 0.0, -67.21446479944143]
[49.678865297800684, 0.0, -67.7063477648971]
[51.07007293991292, 0.0, -67.81375808050782]
[52.46128058202517, 0.0, -67.92116839611855]
[54.226205135828096, 0.0, -67.6441060618843]
[55.440977605526136, 0.0, -66.99800047685842]
[56.65575007522416, 0.0, -66.35189489183254]
[57.320370460817315, 0.0, -65.33674605601504]
[57.726702458147884, 0.0, -64.20250623483358]
[58.133034455478466, 0.0, -63.0682664136521]
[58.281078064546435, 0.0, -61.81493560710665]
[58.3704345472053, 0.0, -60.64376663499385]
[58.459791029864164, 0.0, -59.47259766288105]
[58.49046038611392, 0.0, -58.3835905252009]
[58.5105505890253, 0.0, -57.32280402803542]
[58.530640791936676, 0.0, -56.26201753086993]
[58.54015184150968, 0.0, -55.22945167421912]
[58.543917850735674, 0.0, -54.201267749458296]
[58.547683859961666, 0.0, -53.17308382469749]
[58.54570482884065, 0.0, -52.14928183182667]
[58.54392319662159, 0.0, -51.11532713132118]
[58.54214156440254, 0.0, -50.08137243081569]
[58.540557331085445, 0.0, -49.03726502267551]
[58.577891838748954, 0.0, -47.750539456041835]
[58.615226346412456, 0.0, -46.463813889408165]
[58.69147959505656, 0.0, -44.93447016428101]
[58.830876408010994, 0.0, -43.69408585948088]
[58.970273220965424, 0.0, -42.45370155468075]
[59.172813598230185, 0.0, -41.50227667020765]
[59.590352805614614, 0.0, -40.697775392974236]
[60.42543122038346, 0.0, -39.088772838507424]
[62.12050495563099, 0.0, -38.06746471299937]
[64.33513308353146, 0.0, -37.718207439773686]
[65.44244714748169, 0.0, -37.54357880316084]
[66.67964980959513, 0.0, -37.536962879618585]
[67.84980633966822, 0.0, -37.625054796930335]
[69.0199628697413, 0.0, -37.713146714242086]
[70.12307326777403, 0.0, -37.895946472407836]
[71.00064466641615, 0.0, -38.26943524860985]
[72.7557874637004, 0.0, -39.01641280101389]
[73.60877426342225, 0.0, -40.526146425563006]
[74.03865277250212, 0.0, -42.26304429114613]
[74.25359202704206, 0.0, -43.13149322393768]
[74.3627542089215, 0.0, -44.05673321698773]
[74.43255039363756, 0.0, -45.19424692065276]
[74.50234657835362, 0.0, -46.33176062431781]
[74.53277676590628, 0.0, -47.681548038597846]
[74.54391307245773, 0.0, -48.826697972322066]
[74.55504937900918, 0.0, -49.97184790604628]
[74.54689180455944, 0.0, -50.91236035921467]
[74.5439114665025, 0.0, -51.909374182166886]
[74.54093112844555, 0.0, -52.9063880051191]
[74.54312802678139, 0.0, -53.95990319785514]
[74.54391074886445, 0.0, -54.996754368724176]
[74.54469347094752, 0.0, -56.0336055395932]
[74.54406201677781, 0.0, -57.053792688595216]
[74.54391065630165, 0.0, -58.080453892514655]
[74.54375929582551, 0.0, -59.10711509643412]
[74.54408802904288, 0.0, -60.14025035527101]
[74.54391053390671, 0.0, -61.16841726977287]
[74.54373303877055, 0.0, -62.19658418427472]
[74.54304931528087, 0.0, -63.219782754441546]
[74.54391053203625, 0.0, -64.24964840447127]
[74.54477174879166, 0.0, -65.279514054501]
[74.54717790579213, 0.0, -66.31604678439362]
[74.54391054069566, 0.0, -67.34234484950767]
[74.54064317559919, 0.0, -68.3686429146217]
[74.5317022884058, 0.0, -69.38470631495716]
[74.54391055294508, 0.0, -70.41330831779294]
[74.55611881748439, 0.0, -71.44191032062874]
[74.58947623375639, 0.0, -72.48305092596486]
[74.54391056127216, 0.0, -73.52225435459428]
[74.49834488878793, 0.0, -74.56145778322372]
[74.37385612754748, 0.0, -75.59872403514646]
[74.0023082969299, 0.0, -76.65151092094402]
[73.63076046631232, 0.0, -77.70429780674156]
[73.01215356631761, 0.0, -78.77260532641392]
[72.00492492571084, 0.0, -79.53484184179365]
[70.99769628510404, 0.0, -80.29707835717338]
[69.60184590388516, 0.0, -80.75324386826047]
[68.21031450346669, 0.0, -81.02520849253114]
[66.8187831030482, 0.0, -81.29717311680179]
[65.43157068343012, 0.0, -81.38493685425601]
[64.19470560120226, 0.0, -81.44733307683929]
[62.95784051897441, 0.0, -81.50972929942256]
[61.87132277413677, 0.0, -81.54675800713486]
[60.81884562231738, 0.0, -81.55764059127463]
[59.766368470497966, 0.0, -81.5685231754144]
[58.747931911696796, 0.0, -81.55325963598163]
[57.72444136391471, 0.0, -81.54264268315899]
[56.70095081613263, 0.0, -81.53202573033636]
[55.672406279369646, 0.0, -81.52605536412383]
[54.64358407338444, 0.0, -81.526338131726]
[53.61476186739925, 0.0, -81.52662089932818]
[52.58566199219184, 0.0, -81.53315680074503]
[51.556326519529385, 0.0, -81.53307569558562]
[50.52699104686691, 0.0, -81.53299459042621]
[49.4974199767494, 0.0, -81.52629647869054]
[48.47027075245376, 0.0, -81.52151592317517]
[47.44312152815813, 0.0, -81.5167353676598]
[46.418394149684396, 0.0, -81.51387236836473]
[45.387767087971156, 0.0, -81.52700585672143]
[44.357140026257916, 0.0, -81.54013934507815]
[43.320613281305164, 0.0, -81.56926932108664]
[42.29633360488421, 0.0, -81.57546718076648]
[41.272053928463265, 0.0, -81.58166504044634]
[40.26002132057411, 0.0, -81.56493078379756]
[39.23208886806977, 0.0, -81.38437454609644]
[38.20415641556543, 0.0, -81.20381830839534]
[37.1603241184459, 0.0, -80.85944008964188]
[36.43816963830614, 0.0, -80.17304472529631]
[35.71601515816641, 0.0, -79.48664936095075]
[35.31553849500643, 0.0, -78.45823685101311]
[35.06099263024884, 0.0, -77.44378733958933]
[34.80644676549126, 0.0, -76.42933782816559]
[34.69783169913606, 0.0, -75.42885131525568]
[34.63533857276207, 0.0, -74.40837365480718]
[34.57284544638809, 0.0, -73.38789599435864]
[34.55647425999531, 0.0, -72.34742718637153]
[34.550234419550875, 0.0, -71.31563184391428]
[34.543994579106446, 0.0, -70.28383650145702]
[34.547886084610354, 0.0, -69.26071462452963]
[34.54656460540261, 0.0, -68.23424956622635]
[34.54524312619487, 0.0, -67.20778450792311]
[34.53870866227546, 0.0, -66.177976268244]
[34.53914092327078, 0.0, -65.14765399967898]
[34.53957318426609, 0.0, -64.11733173111395]
[34.54697217017612, 0.0, -63.086495433663025]
[34.546863023194746, 0.0, -62.060231429225965]
[34.54675387621337, 0.0, -61.0339674247889]
[34.53913659634058, 0.0, -60.012275713365696]
[34.54322131820251, 0.0, -58.98011425450463]
[34.54730604006444, 0.0, -57.94795279564356]
[34.56309276366109, 0.0, -56.90532158934463]
[34.5481948540734, 0.0, -55.883635821415815]
[34.53329694448571, 0.0, -54.861950053487]
[34.487714401713674, 0.0, -53.8612097239283]
[34.3915509416115, 0.0, -52.81835304893913]
[34.29538748150933, 0.0, -51.77549637394996]
[34.14864310407701, 0.0, -50.69052335353034]
[33.702602061932325, 0.0, -49.749615769384775]
[33.25656101978764, 0.0, -48.808708185239205]
[32.51122331293058, 0.0, -48.011866037367696]
[31.76155815493614, 0.0, -47.50282557072505]
[31.01189299694169, 0.0, -46.9937851040824]
[30.25790038780985, 0.0, -46.7725463186686]
[29.34356170742668, 0.0, -46.61192026024497]
[28.42922302704353, 0.0, -46.451294201821355]
[27.354538275409055, 0.0, -46.3512808703879]
[26.345792068637984, 0.0, -46.38227377329771]
[25.33704586186689, 0.0, -46.41326667620752]
[24.394238199959204, 0.0, -46.5752658134606]
[23.49235074665448, 0.0, -46.96469522722852]
[22.590463293349753, 0.0, -47.354124640996446]
[21.729496048647988, 0.0, -47.97098433127921]
[21.12156369170431, 0.0, -48.783100019954375]
[20.51363133476065, 0.0, -49.59521570862951]
[20.15873386557506, 0.0, -50.60258739569704]
[19.917435534430588, 0.0, -51.61124007244344]
[19.676137203286117, 0.0, -52.61989274918986]
[19.548438010182778, 0.0, -53.629826415615156]
[19.471430091179347, 0.0, -54.65213266054275]
[19.394422172175915, 0.0, -55.67443890547037]
[19.368105527272398, 0.0, -56.70911772890028]
[19.35273992441, 0.0, -57.73950457053603]
[19.3373743215476, 0.0, -58.76989141217173]
[19.33295976072632, 0.0, -59.795986272013266]
[19.349904026157503, 0.0, -60.823003689055284]
[19.366848291588685, 0.0, -61.85002110609733]
[19.405151383272326, 0.0, -62.87796108033986]
[19.433794100814712, 0.0, -63.90664158913957]
[19.462436818357098, 0.0, -64.93532209793925]
[19.481419161758225, 0.0, -65.96474314129611]
[19.505396411670038, 0.0, -66.99145903611073]
[19.52937366158185, 0.0, -68.01817493092538]
[19.55834581800435, 0.0, -69.04218567719782]
[19.576417574076892, 0.0, -70.07306992033112]
[19.59448933014943, 0.0, -71.1039541634644]
[19.601660685872005, 0.0, -72.14171190345854]
[19.619167425212577, 0.0, -73.16485837361382]
[19.63667416455315, 0.0, -74.18800484376905]
[19.66451628751172, 0.0, -75.19654004408541]
[19.586977959508737, 0.0, -76.23237988882649]
[19.50943963150575, 0.0, -77.26821973356763]
[19.326520852541197, 0.0, -78.33136422273351]
[18.83607827582379, 0.0, -79.22277021373716]
[18.345635699106396, 0.0, -80.11417620474077]
[17.54766932463616, 0.0, -80.83384369758215]
[16.627378798458963, 0.0, -81.34384297908503]
[15.707088272281768, 0.0, -81.8538422605879]
[14.664473594397613, 0.0, -82.15417333075226]
[13.632069126400573, 0.0, -82.26831849511723]
[12.599664658403556, 0.0, -82.38246365948218]
[11.577470400293654, 0.0, -82.31042291804778]
[10.564828768212488, 0.0, -82.11788996798131]
[9.552187136131296, 0.0, -81.92535701791485]
[8.549098130078844, 0.0, -81.61233185921631]
[7.6436578809523406, 0.0, -81.10315429765618]
[6.738217631825818, 0.0, -80.59397673609601]
[5.930426139625245, 0.0, -79.88864677167422]
[5.4304483008172335, 0.0, -79.00950042948638]
[4.930470462009242, 0.0, -78.13035408729857]
[4.738306276593785, 0.0, -77.07739136734472]
[4.639757208474621, 0.0, -76.04372814965015]
[4.5412081403554545, 0.0, -75.01006493195555]
[4.536274189532585, 0.0, -73.99570121652025]
[4.536468132052739, 0.0, -72.9705936701306]
[4.536662074572892, 0.0, -71.94548612374096]
[4.541983910436067, 0.0, -70.90963474639695]
[4.543931790710507, 0.0, -69.87939118882721]
[4.545879670984948, 0.0, -68.84914763125744]
[4.544453595670652, 0.0, -67.82451189346193]
[4.543931557908892, 0.0, -66.7968917821543]
[4.543409520147134, 0.0, -65.76927167084672]
[4.543791519937909, 0.0, -64.738667186027]
[4.543931288878036, 0.0, -63.709663165014625]
[4.5440710578181625, 0.0, -62.680659144002206]
[4.54396859590764, 0.0, -61.653255586797115]
[4.543931044760583, 0.0, -60.62498151121996]
[4.543893493613528, 0.0, -59.59670743564284]
[4.543920853229937, 0.0, -58.56756284169366]
[4.543930801415067, 0.0, -57.538912045043915]
[4.543940749600197, 0.0, -56.51026124839417]
[4.543933286354047, 0.0, -55.48210424904387]
[4.543930551716068, 0.0, -54.453631360534516]
[4.543927817078089, 0.0, -53.42515847202512]
[4.543929811048281, 0.0, -52.39636969435665]
[4.543930304739232, 0.0, -51.367847178866256]
[4.543930798430183, 0.0, -50.339324663375905]
[4.543929791841891, 0.0, -49.31106841006361]
[4.5439300665009394, 0.0, -48.28248773180596]
[4.543930341159988, 0.0, -47.253907053548275]
[4.5439318970663765, 0.0, -46.22500195034523]
[4.543929821417863, 0.0, -45.196618146963544]
[4.543927745769349, 0.0, -44.16823434358189]
[4.543922038565934, 0.0, -43.14037184002159]
[4.5439295950918615, 0.0, -42.11156787313357]
[4.543937151617789, 0.0, -41.08276390624554]
[4.543957971873062, 0.0, -40.053018476029806]
[4.543929439461936, 0.0, -39.02509831738012]
[4.543900907050809, 0.0, -37.997178158730414]
[4.5438230219732825, 0.0, -36.971083271646755]
[4.543929387685301, 0.0, -35.94131391321822]
[4.544035753397319, 0.0, -34.911544554789714]
[4.544326369898882, 0.0, -33.87810072501633]
[4.5439293860750665, 0.0, -32.85271477262946]
[4.54353240225125, 0.0, -31.82732882024257]
[4.542447818102056, 0.0, -30.8100007452422]
[4.5439293863836, 0.0, -29.773495085972947]
[4.5454109546651456, 0.0, -28.736989426703687]
[4.549458675377429, 0.0, -27.681306183165553]
[4.551259525665658, 0.0, -26.677487228790035]
[4.553060375953887, 0.0, -25.673668274414524]
[4.5526143558180605, 0.0, -24.721713609201622]
[4.596106020263331, 0.0, -23.45022717875235]
[4.639597684708601, 0.0, -22.17874074830311]
[4.727027033734966, 0.0, -20.5877225526175]
[4.94052583565588, 0.0, -19.25385321442208]
[5.154024637576803, 0.0, -17.919983876226603]
[5.493592892392285, 0.0, -16.843263395521326]
[6.085588331631183, 0.0, -15.931029322193142]
[6.677583770870055, 0.0, -15.018795248864997]
[7.52200639453232, 0.0, -14.271047582913921]
[8.281809261560895, 0.0, -13.786630162408075]
[9.041612128589485, 0.0, -13.302212741902217]
[9.716795238984378, 0.0, -13.081125566841603]
[10.864276798655423, 0.0, -12.859083638830917]
[12.011758358326466, 0.0, -12.637041710820231]
[13.631538367273658, 0.0, -12.414045029859471]
[15.256504975001715, 0.0, -12.29812398766276]
[16.88147158272977, 0.0, -12.182202945466049]
[18.511624789238688, 0.0, -12.173357542033386]
[19.900340086504237, 0.0, -12.169767883096887]
[21.289055383769785, 0.0, -12.166178224160387]
[22.43633277179196, 0.0, -12.16784430972005]
[23.50807100347356, 0.0, -12.16872758090598]
[24.579809235155118, 0.0, -12.169610852091909]
[25.576008310496107, 0.0, -12.169711308904104]
[26.592780202643013, 0.0, -12.169747968802795]
[27.60955209478999, 0.0, -12.169784628701485]
[28.64689680374289, 0.0, -12.169757491686672]
[29.67864007477027, 0.0, -12.16974789208728]


# outer track:
[29.678665470877878, 0.0, -12.745743680560224]
[30.710236088811623, 0.0, -12.745768915594892]
[31.736587862468078, 0.0, -12.745732604345683]
[32.76422890946534, 0.0, -12.74573454132905]
[33.7918699564626, 0.0, -12.745736478312418]
[34.82080027680067, 0.0, -12.74577666352836]
[35.84968141224185, 0.0, -12.745768075641148]
[36.87856254768303, 0.0, -12.745759487753936]
[37.907394498227326, 0.0, -12.745702126763568]
[38.93558398746994, 0.0, -12.745714161198846]
[39.96377347671256, 0.0, -12.745726195634123]
[40.9913205046535, 0.0, -12.745807625495047]
[42.020492705034364, 0.0, -12.745809342812738]
[43.04966490541523, 0.0, -12.74581106013043]
[44.080462278236, 0.0, -12.74573306490489]
[45.107320714168424, 0.0, -12.745634926619108]
[46.13417915010084, 0.0, -12.745536788333327]
[47.157098649144906, 0.0, -12.745418506987303]
[48.1904837219557, 0.0, -12.745959207738547]
[49.2238687947665, 0.0, -12.746499908489794]
[50.267719441344035, 0.0, -12.747699591338304]
[51.28067716816662, 0.0, -12.745353669621904]
[52.2936348949892, 0.0, -12.743007747905505]
[53.275699702056826, 0.0, -12.737116221624195]
[54.3559157785063, 0.0, -12.746459325178897]
[55.436131854955775, 0.0, -12.755802428733597]
[56.61449920078708, 0.0, -12.78038016212431]
[57.88483880460671, 0.0, -12.800541709975729]
[59.15517840842634, 0.0, -12.820703257827146]
[60.517490270234276, 0.0, -12.83644862013927]
[62.03731752740211, 0.0, -12.923317473444737]
[63.55714478456994, 0.0, -13.010186326750201]
[65.23448743709768, 0.0, -13.168178671049008]
[66.5751349261217, 0.0, -13.426471381371254]
[67.91578241514574, 0.0, -13.684764091693502]
[68.91973474066607, 0.0, -14.04335716803919]
[69.80957909376752, 0.0, -14.512434240875184]
[70.69942344686896, 0.0, -14.981511313711179]
[71.47515982755154, 0.0, -15.561072383037478]
[71.98390402904067, 0.0, -16.439759681439444]
[72.4926482305298, 0.0, -17.31844697984141]
[72.73440025282548, 0.0, -18.496260507319043]
[72.78331417319127, 0.0, -19.73845557730368]
[72.83222809355706, 0.0, -20.980650647288318]
[72.68830391199297, 0.0, -22.28722725977996]
[72.36420886450156, 0.0, -23.259339802866585]
[72.04011381701017, 0.0, -24.2314523459532]
[71.53584790359143, 0.0, -24.869100819634802]
[70.6372753967095, 0.0, -25.3554898959573]
[68.8401303829456, 0.0, -26.328268048602304]
[65.46575899532888, 0.0, -26.696008611810903]
[63.2262330584479, 0.0, -26.82991142633096]
[62.10647009000742, 0.0, -26.896862833590987]
[61.27041848425087, 0.0, -26.905354803678883]
[60.32990289321195, 0.0, -26.9067384817261]
[59.389387302173034, 0.0, -26.90812215977332]
[58.34440772585176, 0.0, -26.902397545779863]
[57.30694586079899, 0.0, -26.915479147692608]
[56.26948399574622, 0.0, -26.92856074960535]
[55.23953984196196, 0.0, -26.960448567424287]
[54.21606456561008, 0.0, -26.970428370056]
[53.19258928925821, 0.0, -26.98040817268771]
[52.17558289033872, 0.0, -26.968479960132193]
[51.14830601203204, 0.0, -26.958254836181162]
[50.12102913372536, 0.0, -26.94802971223013]
[49.08348177603149, 0.0, -26.939507676883583]
[48.05180173510005, 0.0, -26.940275050960032]
[47.02012169416861, 0.0, -26.941042425036485]
[45.99430896999961, 0.0, -26.951099208535936]
[44.967385366521604, 0.0, -26.954707128967822]
[43.9404617630436, 0.0, -26.958315049399708]
[42.912427280256594, 0.0, -26.955474106764036]
[41.883660613627676, 0.0, -26.95404971030717]
[40.85489394699875, 0.0, -26.952625313850305]
[39.82539509652791, 0.0, -26.952617463572253]
[38.796685428429114, 0.0, -26.954088870010324]
[37.767975760330316, 0.0, -26.955560276448395]
[36.74005527460356, 0.0, -26.958510939602597]
[35.71274357283558, 0.0, -26.956437963624655]
[34.6854318710676, 0.0, -26.954364987646713]
[33.65872895325839, 0.0, -26.94726837253662]
[32.6297188467622, 0.0, -26.942316580252278]
[31.600708740266022, 0.0, -26.937364787967937]
[30.56939144508287, 0.0, -26.93455781850935]
[29.538504055547037, 0.0, -26.93648948526084]
[28.507616666011195, 0.0, -26.938421152012328]
[27.47715918212267, 0.0, -26.94509145497389]
[26.43677084293791, 0.0, -26.982416048973633]
[25.396382503753156, 0.0, -27.019740642973375]
[24.34606330927217, 0.0, -27.087719528011302]
[23.298619627926804, 0.0, -27.233615158226932]
[22.251175946581434, 0.0, -27.37951078844256]
[21.206607778371676, 0.0, -27.603323163835896]
[20.184789931010556, 0.0, -28.026291753709398]
[19.16297208364943, 0.0, -28.4492603435829]
[18.163904557136938, 0.0, -29.071385147936574]
[17.452672556244384, 0.0, -29.948665325600246]
[16.741440555351836, 0.0, -30.82594550326391]
[16.318044080079225, 0.0, -31.958381054237567]
[16.20415767203844, 0.0, -33.095606155433146]
[16.090271263997664, 0.0, -34.232831256628735]
[16.285894923188714, 0.0, -35.37484590804624]
[16.795272408848355, 0.0, -36.38988782583637]
[17.304649894507996, 0.0, -37.40492974362649]
[18.12778120663623, 0.0, -38.29299892778923]
[19.08498531598807, 0.0, -38.879232795928274]
[20.042189425339917, 0.0, -39.46546666406733]
[21.133466331915375, 0.0, -39.749865216182684]
[22.1892967630761, 0.0, -39.931071170802284]
[23.245127194236822, 0.0, -40.11227712542188]
[24.265511149982814, 0.0, -40.190290482545734]
[25.332819631135493, 0.0, -40.22638802146541]
[26.40012811228817, 0.0, -40.262485560385095]
[27.514361118847532, 0.0, -40.25666728110059]
[28.43465971779565, 0.0, -40.26331243459665]
[29.35495831674377, 0.0, -40.26995758809271]
[30.08132250808064, 0.0, -40.28906617436932]
[31.0441705996405, 0.0, -40.29294685802539]
[32.00701869120036, 0.0, -40.296827541681466]
[33.20635068298321, 0.0, -40.28548032271701]
[34.30433686970593, 0.0, -40.290720194710076]
[37.5982954298741, 0.0, -40.30643981068927]
[39.98014174450109, 0.0, -40.471443245286146]
[41.921991374099676, 0.0, -41.3901628716706]
[42.569274583965864, 0.0, -41.69640274713208]
[43.16766927327335, 0.0, -42.086388866125525]
[43.60766644671918, 0.0, -42.70034915889377]
[44.04766362016502, 0.0, -43.31430945166202]
[44.32926327774922, 0.0, -44.15224391820507]
[44.53271965259751, 0.0, -45.20511595337047]
[44.73617602744579, 0.0, -46.257987988535874]
[44.86148911955816, 0.0, -47.52579759232361]
[44.912660450984646, 0.0, -48.551079551448495]
[44.963831782411134, 0.0, -49.57636151057338]
[44.94086135315173, 0.0, -50.35911582503541]
[44.940567579595495, 0.0, -51.3027215083234]
[44.940273806039265, 0.0, -52.2463271916114]
[44.9626566881862, 0.0, -53.35078424372535]
[44.969308227050206, 0.0, -54.38627146913489]
[44.97595976591422, 0.0, -55.421758694544444]
[44.966879961495295, 0.0, -56.38827609324958]
[44.966486343412896, 0.0, -57.45985508354896]
[44.966092725330505, 0.0, -58.53143407384833]
[44.97438529358463, 0.0, -59.70807465574194]
[45.024147385959054, 0.0, -60.72339103045523]
[45.1236715707079, 0.0, -62.75402377988182]
[45.389073851937894, 0.0, -64.13935970058716]
[46.06444225750754, 0.0, -65.39346964565371]
[46.402126460292365, 0.0, -66.02052461818698]
[46.8423021941621, 0.0, -66.61477309681055]
[47.62155504264375, 0.0, -67.17585327068767]
[48.40080789112538, 0.0, -67.73693344456478]
[49.51913785421891, 0.0, -68.26484531369542]
[51.01681723784897, 0.0, -68.38660895802839]
[52.514496621479054, 0.0, -68.50837260236136]
[54.39152542564566, 0.0, -68.22398802189664]
[55.718582540985416, 0.0, -67.50198841269372]
[57.04563965632516, 0.0, -66.77998880349082]
[57.82272508283806, 0.0, -65.62037416554972]
[58.27494308576546, 0.0, -64.39593374017397]
[58.72716108869287, 0.0, -63.1714933147982]
[58.854511668034746, 0.0, -61.88222710198778]
[58.939387404203586, 0.0, -60.688790513197844]
[59.024263140372426, 0.0, -59.49535392440791]
[59.06666403336823, 0.0, -58.39774695963845]
[59.089541753439654, 0.0, -57.33322563528071]
[59.11241947351108, 0.0, -56.26870431092297]
[59.115774020658144, 0.0, -55.23726862697696]
[59.11818569506765, 0.0, -54.205302517456644]
[59.12059736947715, 0.0, -53.17333640793633]
[59.12206617114911, 0.0, -52.14083987284171]
[59.120925679922046, 0.0, -51.11129159108039]
[59.11978518869499, 0.0, -50.08174330931905]
[59.11603540456892, 0.0, -49.055143280891]
[59.15304019621879, 0.0, -47.772296288074436]
[59.19004498786866, 0.0, -46.489449295257884]
[59.26780435529448, 0.0, -44.95035533805283]
[59.403248633810115, 0.0, -43.75102019329978]
[59.538692912325764, 0.0, -42.551685048546716]
[59.73182210193123, 0.0, -41.69210871624566]
[60.103818306758434, 0.0, -40.96865747882009]
[60.84781071641284, 0.0, -39.52175500396895]
[62.30727118695421, 0.0, -38.619352908619746]
[64.41826390957692, 0.0, -38.294850506853315]
[65.47376027088828, 0.0, -38.1325993059701]
[66.69213969521996, 0.0, -38.11482302848258]
[67.81480282901896, 0.0, -38.19678720727148]
[68.93746596281797, 0.0, -38.27875138606037]
[69.96441280608431, 0.0, -38.46045602112569]
[70.76549149457938, 0.0, -38.796935517455196]
[72.36764887156954, 0.0, -39.469894510114216]
[73.06633362947461, 0.0, -40.76195294783004]
[73.46656602582956, 0.0, -42.39500331183258]
[73.66668222400703, 0.0, -43.211528493833846]
[73.79218533179699, 0.0, -44.11330165740679]
[73.86452803702684, 0.0, -45.233208016649925]
[73.9368707422567, 0.0, -46.35311437589307]
[73.95605304492648, 0.0, -47.69115393080642]
[73.96462067982391, 0.0, -48.830604163526786]
[73.97318831472134, 0.0, -49.97005439624715]
[73.9711412818464, 0.0, -50.91091530677453]
[73.96962047494938, 0.0, -51.908352375972434]
[73.96809966805237, 0.0, -52.90578944517034]
[73.96710508713328, 0.0, -53.959802673038794]
[73.96705385608986, 0.0, -54.99698697713005]
[73.96700262504645, 0.0, -56.0341712812213]
[73.96789474387873, 0.0, -57.054526661535355]
[73.96827166056282, 0.0, -58.08067266848785]
[73.96864857724691, 0.0, -59.106818675440365]
[73.96851029178282, 0.0, -60.13875530903131]
[73.96789869479625, 0.0, -61.16767905895067]
[73.96728709780967, 0.0, -62.19660280887001]
[73.96620218930065, 0.0, -63.22251367511777]
[73.96757786464636, 0.0, -64.25121693909288]
[73.96895353999209, 0.0, -65.27992020306802]
[73.97278979919257, 0.0, -66.31141586477048]
[73.96872718599948, 0.0, -67.33917072979108]
[73.96466457280638, 0.0, -68.36692559481168]
[73.95270308721972, 0.0, -69.39093966315039]
[73.96627910085681, 0.0, -70.42049258270818]
[73.97985511449392, 0.0, -71.45004550226598]
[74.01896862735478, 0.0, -72.48513727304282]
[73.97184832209902, 0.0, -73.49585125226352]
[73.92472801684326, 0.0, -74.5065652314842]
[73.79137389347089, 0.0, -75.49290141914874]
[73.45383599646706, 0.0, -76.46315088846328]
[73.11629809946325, 0.0, -77.4334003577778]
[72.57457642882798, 0.0, -78.38756310874233]
[71.65654017067897, 0.0, -79.07843440979252]
[70.73850391252995, 0.0, -79.76930571084276]
[69.44415306686714, 0.0, -80.19688556197866]
[68.10682389811569, 0.0, -80.45711218814424]
[66.76949472936423, 0.0, -80.71733881430983]
[65.38918723752411, 0.0, -80.81021221550512]
[64.16154653426453, 0.0, -80.87361522017785]
[62.93390583100498, 0.0, -80.93701822485059]
[61.858931916325965, 0.0, -80.97095083300076]
[60.81395683521656, 0.0, -80.98094692291647]
[59.76898175410713, 0.0, -80.99094301283219]
[58.75400550656731, 0.0, -80.97700258451346]
[57.73037680086904, 0.0, -80.96693523583998]
[56.70674809517078, 0.0, -80.95686788716651]
[55.67446693131407, 0.0, -80.95067361813832]
[54.64343430727362, 0.0, -80.95044666386391]
[53.61240168323319, 0.0, -80.95021970958949]
[52.58261759900899, 0.0, -80.95596007006884]
[51.555524240625616, 0.0, -80.95654785863731]
[50.528430882242205, 0.0, -80.95713564720577]
[49.50402824969961, 0.0, -80.95257086386334]
[48.47465456179721, 0.0, -80.94668749897798]
[47.44528087389481, 0.0, -80.94080413409262]
[46.4109361306326, 0.0, -80.93360218766432]
[45.37825273465909, 0.0, -80.94878256484141]
[44.34556933868558, 0.0, -80.96396294201851]
[43.31454729000076, 0.0, -81.001525642801]
[42.29790969978418, 0.0, -81.0036512068983]
[41.281272109567595, 0.0, -81.0057767709956]
[40.27901897781925, 0.0, -80.97246519840772]
[39.323421104701424, 0.0, -80.81013997057426]
[38.3678232315836, 0.0, -80.64781474274079]
[37.4588806170963, 0.0, -80.35647585966174]
[36.83193284208504, 0.0, -79.75927402196922]
[36.20498506707379, 0.0, -79.1620721842767]
[35.86003213153859, 0.0, -78.25900739197071]
[35.6265712045584, 0.0, -77.31164237554984]
[35.39311027757822, 0.0, -76.36427735912896]
[35.27114135915305, 0.0, -75.37261211859317]
[35.20607084928341, 0.0, -74.36691666694871]
[35.14100033941376, 0.0, -73.36122121530423]
[35.132828238099634, 0.0, -72.34149555255105]
[35.12848536310272, 0.0, -71.31577272004168]
[35.124142488105804, 0.0, -70.29004988753232]
[35.12362883942609, 0.0, -69.25832988526675]
[35.121325449032746, 0.0, -68.23081646916926]
[35.1190220586394, 0.0, -67.20330305307179]
[35.11492892653242, 0.0, -66.17999622314241]
[35.1158472550736, 0.0, -65.15000321237233]
[35.11676558361477, 0.0, -64.12001020160221]
[35.1226953728041, 0.0, -63.08333100999141]
[35.12239676558087, 0.0, -62.057996678913455]
[35.122098158357645, 0.0, -61.0326623478355]
[35.11557115472185, 0.0, -60.018672877290385]
[35.119628862824655, 0.0, -58.984919814738895]
[35.12368657092746, 0.0, -57.951166752187405]
[35.13832899076887, 0.0, -56.89765009762954]
[35.123577317001725, 0.0, -55.87144183631151]
[35.10882564323458, 0.0, -54.845233574993486]
[35.06467987585888, 0.0, -53.84633370691529]
[34.965791433912855, 0.0, -52.76851970332054]
[34.86690299196683, 0.0, -51.6907056997258]
[34.71327187545048, 0.0, -50.53397756061449]
[34.224070435554296, 0.0, -49.50777527651715]
[33.73486899565812, 0.0, -48.48157299241981]
[32.9100972323821, 0.0, -47.58589656333642]
[32.07859227548872, 0.0, -47.01909216378118]
[31.24708731859534, 0.0, -46.45228776422594]
[30.4088491680846, 0.0, -46.21435539419885]
[29.443654117096887, 0.0, -46.04542532976534]
[28.478459066109195, 0.0, -45.87649526533184]
[27.386307114644527, 0.0, -45.776567506491915]
[26.329614546255776, 0.0, -45.80847199289616]
[25.272921977866996, 0.0, -45.84037647930041]
[24.251688792554134, 0.0, -46.00411321094884]
[23.26572077730458, 0.0, -46.43147195295623]
[22.27975276205503, 0.0, -46.85883069496363]
[21.329049916868783, 0.0, -47.54981144732999]
[20.661441675133112, 0.0, -48.44032628262725]
[19.993833433397455, 0.0, -49.33084111792448]
[19.609319795112356, 0.0, -50.42089003615259]
[19.35480418927661, 0.0, -51.48026047213313]
[19.100288583440857, 0.0, -52.53963090811369]
[18.97577101005447, 0.0, -53.56832286184668]
[18.898689723804246, 0.0, -54.606616150831016]
[18.821608437554026, 0.0, -55.64490943981538]
[18.79196343843997, 0.0, -56.69280406405108]
[18.775879841893722, 0.0, -57.73178051952068]
[18.759796245347474, 0.0, -58.77075697499025]
[18.75727405136903, 0.0, -59.80081526169372]
[18.774569694787097, 0.0, -60.83179747628476]
[18.79186533820517, 0.0, -61.862779690875826]
[18.828978819019753, 0.0, -62.89468583335446]
[18.85758295834723, 0.0, -63.92348652291503]
[18.88618709767471, 0.0, -64.95228721247557]
[18.906281895515086, 0.0, -65.97798244911803]
[18.930034806502324, 0.0, -67.00382374897615]
[18.95378771748956, 0.0, -68.0296650488343]
[18.981198741623665, 0.0, -69.05565241190808]
[18.999787144942957, 0.0, -70.08492825212767]
[19.018375548262252, 0.0, -71.11420409234724]
[19.028141330766744, 0.0, -72.14676840971259]
[19.044416712835073, 0.0, -73.170105259107]
[19.0606920949034, 0.0, -74.19344210850136]
[19.083477076535562, 0.0, -75.20755148992475]
[19.010798518410432, 0.0, -76.19601410496162]
[18.938119960285302, 0.0, -77.18447671999854]
[18.769977862402865, 0.0, -78.14729256864894]
[18.33278899135417, 0.0, -78.9451084676297]
[17.895600120305488, 0.0, -79.74292436661044]
[17.18936447609056, 0.0, -80.37574031592155]
[16.34973159560953, 0.0, -80.83657496940447]
[15.5100987151285, 0.0, -81.29740962288739]
[14.537068598381364, 0.0, -81.5862629805421]
[13.56848715519848, 0.0, -81.697062039016]
[12.599905712015614, 0.0, -81.80786109748988]
[11.635772942397, 0.0, -81.74060585678293]
[10.674719179458364, 0.0, -81.55352977016886]
[9.713665416519708, 0.0, -81.36645368355477]
[8.755690660261031, 0.0, -81.05955675103354]
[7.921270651936036, 0.0, -80.596454347411]
[7.086850643611021, 0.0, -80.13335194378845]
[6.375985383219691, 0.0, -79.51404406906457]
[5.931278052148388, 0.0, -78.7261340240598]
[5.486570721077103, 0.0, -77.9382239790551]
[5.308021319325823, 0.0, -76.98171176376951]
[5.2144581477398715, 0.0, -75.9947833883729]
[5.120894976153918, 0.0, -75.00785501297626]
[5.112318034733299, 0.0, -73.9905104774686]
[5.111604818750512, 0.0, -72.96649283121788]
[5.110891602767724, 0.0, -71.94247518496718]
[5.118042112222769, 0.0, -70.91178442797344]
[5.120422196804325, 0.0, -69.88217608389775]
[5.122802281385883, 0.0, -68.852567739822]
[5.120411941093952, 0.0, -67.8240418086643]
[5.119665254438086, 0.0, -66.79560551598279]
[5.118918567782219, 0.0, -65.76716922330131]
[5.119815534762417, 0.0, -64.73882256909604]
[5.120074493811964, 0.0, -63.71032830319364]
[5.1203334528615105, 0.0, -62.681834037291196]
[5.119954403980406, 0.0, -61.65319215969161]
[5.119853717843166, 0.0, -60.62463024807379]
[5.119753031705926, 0.0, -59.596068336456014]
[5.11993070831255, 0.0, -58.56758639082]
[5.119973404266648, 0.0, -57.53909570991353]
[5.120016100220745, 0.0, -56.51060502900707]
[5.119923815522316, 0.0, -55.48210561283015]
[5.119905470599947, 0.0, -54.453540315220174]
[5.119887125677577, 0.0, -53.42497501761015]
[5.119942720531268, 0.0, -52.396343838567056]
[5.1199479962612875, 0.0, -51.367882249842836]
[5.119953271991307, 0.0, -50.33942066111865]
[5.119908228597653, 0.0, -49.311128662713344]
[5.119912617094597, 0.0, -48.282494254532196]
[5.11991700559154, 0.0, -47.25385984635103]
[5.119970825979078, 0.0, -46.224883028394004]
[5.119954078388529, 0.0, -45.19656719064069]
[5.119937330797981, 0.0, -44.16825135288741]
[5.1198500152293445, 0.0, -43.14059649533783]
[5.1198887300399285, 0.0, -42.1116836835609]
[5.119927444850513, 0.0, -41.082770871783936]
[5.120092190040319, 0.0, -40.05260010577964]
[5.1200034188719155, 0.0, -39.02487045710795]
[5.119914647703512, 0.0, -37.99714080843624]
[5.119572360176898, 0.0, -36.971852277097135]
[5.119792424193315, 0.0, -35.94174768437068]
[5.120012488209731, 0.0, -34.91164309164427]
[5.12079490376918, 0.0, -33.87672243753052]
[5.12018445240274, 0.0, -32.85188284981698]
[5.119574001036301, 0.0, -31.827043262103423]
[5.117570682743974, 0.0, -30.812284740790087]
[5.1194541336223045, 0.0, -29.775229373215904]
[5.121337584500635, 0.0, -28.73817400564172]
[5.127107804549624, 0.0, -27.67882179180669]
[5.128130796071373, 0.0, -26.6777442127764]
[5.129153787593121, 0.0, -25.67666663374611]
[5.125429550587629, 0.0, -24.733863689520554]
[5.170274823353125, 0.0, -23.47125483783826]
[5.215120096118621, 0.0, -22.208645986155993]
[5.308534878655102, 0.0, -20.626231227017]
[5.51097890673821, 0.0, -19.34325446259436]
[5.713422934821327, 0.0, -18.06027769817166]
[6.024896208451079, 0.0, -17.076738928465332]
[6.570052437381973, 0.0, -16.241753826437233]
[7.115208666312844, 0.0, -15.406768724409172]
[7.894047850544835, 0.0, -14.720337290059323]
[8.583314452315532, 0.0, -14.277708006077074]
[9.272581054086244, 0.0, -13.835078722094817]
[9.872275073395656, 0.0, -13.636251588480171]
[10.976632692509632, 0.0, -13.424363259636085]
[12.080990311623607, 0.0, -13.212474930791998]
[13.690011530542145, 0.0, -12.987525406718474]
[15.299105120230248, 0.0, -12.871770410363215]
[16.908198709918352, 0.0, -12.756015414007958]
[18.517364670376022, 0.0, -12.749454945370966]
[19.899431344634635, 0.0, -12.7463746334166]
[21.281498018893245, 0.0, -12.743294321462233]
[22.4364654069528, 0.0, -12.743694166190497]
[23.50973323293837, 0.0, -12.744358574059921]
[24.58300105892389, 0.0, -12.745022981929345]
[25.574569322835433, 0.0, -12.74595195293993]
[26.59135013901979, 0.0, -12.745994275604774]
[27.608130955204217, 0.0, -12.746036598269619]
[28.650124323661466, 0.0, -12.745192272588723]
[29.678202456921568, 0.0, -12.745825639411434]


# inner track:
[29.678614688853266, 0.0, -11.593752109269758]
[30.710530604891257, 0.0, -11.593707670085573]
[31.736462500286862, 0.0, -11.593759856793515]
[32.764104597746496, 0.0, -11.593761249628438]
[33.79174669520613, 0.0, -11.59376264246336]
[34.82109899472979, 0.0, -11.593713241425263]
[35.84987136063181, 0.0, -11.593727858984796]
[36.878643726533824, 0.0, -11.593742476544326]
[37.9068361588142, 0.0, -11.593821112701487]
[38.93526272456344, 0.0, -11.59378192664137]
[39.96368929031267, 0.0, -11.59374274058125]
[40.992349989530766, 0.0, -11.593585732303852]
[42.02107444603318, 0.0, -11.593686907235934]
[43.0497989025356, 0.0, -11.593788082168015]
[44.078587116322325, 0.0, -11.594147440309575]
[45.106239198996164, 0.0, -11.593861467835136]
[46.13389128167, 0.0, -11.593575495360696]
[47.16040723323095, 0.0, -11.592644192270257]
[48.192535231290265, 0.0, -11.59353733093517]
[49.22466322934959, 0.0, -11.594430469600086]
[50.26240327390728, 0.0, -11.597148050020355]
[51.276502155286764, 0.0, -11.594143013047143]
[52.29060103666625, 0.0, -11.59113797607393]
[53.28105875486753, 0.0, -11.582410321707238]
[54.36639470299103, 0.0, -11.593037498657075]
[55.451730651114524, 0.0, -11.603664675606915]
[56.63194482916022, 0.0, -11.633646683873282]
[57.90526836521407, 0.0, -11.651499901223392]
[59.17859190126792, 0.0, -11.669353118573504]
[60.54502479532992, 0.0, -11.675077545007358]
[62.09734379524899, 0.0, -11.767881676457336]
[63.649662795168055, 0.0, -11.860685807907311]
[65.3878679009442, 0.0, -12.04056964437341]
[66.801812716628, 0.0, -12.30576584845613]
[68.21575753231181, 0.0, -12.57096205253885]
[69.30544205790328, 0.0, -12.921470624238196]
[70.3412323043091, 0.0, -13.479111146531128]
[71.37702255071491, 0.0, -14.036751668824058]
[72.35891851793508, 0.0, -14.801524141710573]
[72.97891423244508, 0.0, -15.866774638732341]
[73.59890994695508, 0.0, -16.93202513575411]
[73.8570054087549, 0.0, -18.297753656911127]
[73.9291219129386, 0.0, -19.68821604973669]
[74.00123841712228, 0.0, -21.078678442562257]
[73.88737596368983, 0.0, -22.49387470705637]
[73.45823790502666, 0.0, -23.651396303804034]
[73.02909984636348, 0.0, -24.808917900551695]
[72.28468618246957, 0.0, -25.70876482955291]
[71.20867108363075, 0.0, -26.344312297683096]
[69.05664088595307, 0.0, -27.61540723394348]
[65.57820494849568, 0.0, -27.82930432671977]
[63.28483536259135, 0.0, -27.956883176104387]
[62.13815056963918, 0.0, -28.020672600796694]
[61.28773236457527, 0.0, -28.062882464641085]
[60.34045179327444, 0.0, -28.07093270877256]
[59.39317122197361, 0.0, -28.07898295290403]
[58.34902828443586, 0.0, -28.052873577322593]
[57.31648515289116, 0.0, -28.061335136896982]
[56.28394202134647, 0.0, -28.06979669647137]
[55.26299869579482, 0.0, -28.112829191201584]
[54.232503755515445, 0.0, -28.125425366202396]
[53.20200881523607, 0.0, -28.13802154120321]
[52.16196226022896, 0.0, -28.120181396474628]
[51.13182218369302, 0.0, -28.10857397643827]
[50.101682107157075, 0.0, -28.09696655640191]
[49.08144850909228, 0.0, -28.09159186105778]
[48.05604873286573, 0.0, -28.093124757331783]
[47.03064895663919, 0.0, -28.094657653605786]
[46.000083002250875, 0.0, -28.103098141497924]
[44.97006546261632, 0.0, -28.10627185255232]
[43.94004792298176, 0.0, -28.10944556360672]
[42.91057879810096, 0.0, -28.107352497823378]
[41.8822393619202, 0.0, -28.106215925656645]
[40.85389992573944, 0.0, -28.105079353489913]
[39.82669017825873, 0.0, -28.104899274939793]
[38.79834915076684, 0.0, -28.106117763461828]
[37.77000812327495, 0.0, -28.107336251983863]
[36.74053581577188, 0.0, -28.109953307578053]
[35.710871589247624, 0.0, -28.108196738866656]
[34.68120736272337, 0.0, -28.10644017015526]
[33.65135121717794, 0.0, -28.100309977138274]
[32.62317367540026, 0.0, -28.094842629249317]
[31.59499613362258, 0.0, -28.08937528136036]
[30.56849719561265, 0.0, -28.084570778599435]
[29.542676112496345, 0.0, -28.087426112239964]
[28.516855029380032, 0.0, -28.090281445880493]
[27.491711801157344, 0.0, -28.100796615922476]
[26.475284425469656, 0.0, -28.13568514647355]
[25.458857049781976, 0.0, -28.17057367702462]
[24.45114552662931, 0.0, -28.229835568084784]
[23.462952363968878, 0.0, -28.370495066817778]
[22.474759201308444, 0.0, -28.511154565550772]
[21.50608439914025, 0.0, -28.733211671956592]
[20.61693889615964, 0.0, -29.097553692490735]
[19.72779339317902, 0.0, -29.461895713024873]
[18.918177189385982, 0.0, -29.96852264768733]
[18.34621964686626, 0.0, -30.67318501100792]
[17.77426210434654, 0.0, -31.377847374328503]
[17.43996322310013, 0.0, -32.28054516630721]
[17.352813230946786, 0.0, -33.20169620680652]
[17.265663238793444, 0.0, -34.122847247305835]
[17.425662135733177, 0.0, -35.06245153632575]
[17.83027426252807, 0.0, -35.884191804946155]
[18.234886389322966, 0.0, -36.70593207356656]
[18.884111745973023, 0.0, -37.409808321787466]
[19.679647066945208, 0.0, -37.89101042505072]
[20.475182387917396, 0.0, -38.37221252831398]
[21.41702767321172, 0.0, -38.6307404866196]
[22.380708124205004, 0.0, -38.7967730730326]
[23.34438857519828, 0.0, -38.96280565944559]
[24.329904191890527, 0.0, -39.03634287396598]
[25.375402550445514, 0.0, -39.07347303018535]
[26.4209009090005, 0.0, -39.11060318640472]
[27.526382009418228, 0.0, -39.11132628432306]
[28.44210054843122, 0.0, -39.1150980032405]
[29.35781908744421, 0.0, -39.11886972215793]
[30.08377506505246, 0.0, -39.12569006207445]
[31.04775667930508, 0.0, -39.13253539167378]
[32.0117382935577, 0.0, -39.139380721273106]
[33.21374554445468, 0.0, -39.14625104055524]
[34.32030245528321, 0.0, -39.154605139713844]
[37.639973187768824, 0.0, -39.17966743718964]
[40.10059085963836, 0.0, -39.21808375355358]
[42.42902919027338, 0.0, -40.358483746460145]
[43.20517530048505, 0.0, -40.738617077429]
[43.96663481722622, 0.0, -41.24119303912481]
[44.52614710035673, 0.0, -42.014999591174046]
[45.08565938348725, 0.0, -42.78880614322329]
[45.4432244330071, 0.0, -43.83384328562597]
[45.67416191266778, 0.0, -44.99672470206518]
[45.90509939232845, 0.0, -46.159606118504385]
[46.00940930212994, 0.0, -47.440331808980126]
[46.05671148747183, 0.0, -48.49000728161923]
[46.10401367281372, 0.0, -49.53968275425832]
[46.094308133696025, 0.0, -50.35830800906078]
[46.096496719773086, 0.0, -51.30799878601209]
[46.098685305850154, 0.0, -52.25768956296341]
[46.11276801712198, 0.0, -53.338445862063566]
[46.118530571148625, 0.0, -54.37284995288738]
[46.124293125175264, 0.0, -55.407254043711205]
[46.12173552195672, 0.0, -56.39530592625867]
[46.12135063959133, 0.0, -57.46549489865365]
[46.120965757225925, 0.0, -58.53568387104863]
[46.122753595713675, 0.0, -59.68800993329111]
[46.1703291600679, 0.0, -60.66190119313515]
[46.26548028877635, 0.0, -62.609683712823234]
[46.543782320950704, 0.0, -63.84372702291757]
[47.07733512838483, 0.0, -64.84687259507984]
[47.34411153210189, 0.0, -65.34844538116099]
[47.6747006296339, 0.0, -65.7922937327591]
[48.29832093456788, 0.0, -66.24214494052623]
[48.921941239501855, 0.0, -66.69199614829337]
[49.83859275183781, 0.0, -67.14785021222951]
[51.12332864964267, 0.0, -67.24090719931968]
[52.408064547447566, 0.0, -67.33396418640984]
[54.06088483072139, 0.0, -67.06422409665402]
[55.16337265171684, 0.0, -66.49401253386787]
[56.26586047271228, 0.0, -65.92380097108172]
[56.81801583142936, 0.0, -65.05311793526526]
[57.17846182473326, 0.0, -64.00907871660709]
[57.538907818037174, 0.0, -62.965039497948915]
[57.70764444592788, 0.0, -61.747644096449015]
[57.80148167113645, 0.0, -60.59874274039332]
[57.89531889634502, 0.0, -59.449841384337624]
[57.91425671887143, 0.0, -58.369434073726126]
[57.93155940578322, 0.0, -57.312382403148646]
[57.948862092695016, 0.0, -56.25533073257117]
[57.96452964399221, 0.0, -55.2216347020277]
[57.9696499873472, 0.0, -54.19723296336639]
[57.9747703307022, 0.0, -53.17283122470509]
[57.969343466115006, 0.0, -52.15772377792596]
[57.966920696815436, 0.0, -51.11936266038094]
[57.964497927515865, 0.0, -50.08100154283593]
[57.965079253503916, 0.0, -49.01938675452503]
[58.00274347892758, 0.0, -47.728782617330474]
[58.04040770435123, 0.0, -46.43817848013593]
[58.115154829210496, 0.0, -44.91858499405774]
[58.258504177510815, 0.0, -43.63715153062168]
[58.40185352581114, 0.0, -42.35571806718561]
[58.61380509755252, 0.0, -41.31244462639168]
[59.07688730989841, 0.0, -40.42689330890122]
[60.003051734590166, 0.0, -38.65579067392029]
[61.93373872169995, 0.0, -37.51557653215326]
[64.25200225322845, 0.0, -37.14156437622233]
[65.41113401899268, 0.0, -36.95455829825686]
[66.6671599208616, 0.0, -36.95910271675042]
[67.88480984583032, 0.0, -37.05332237305495]
[69.10245977079903, 0.0, -37.14754202935947]
[70.28173371886754, 0.0, -37.33143692347496]
[71.23579782635912, 0.0, -37.7419349843796]
[73.1439260413423, 0.0, -38.562931106188884]
[74.15121489401776, 0.0, -40.29033989515478]
[74.61073951304431, 0.0, -42.13108525803239]
[74.84050182255757, 0.0, -43.05145793947119]
[74.9333230736586, 0.0, -44.00016476438792]
[75.00057273903056, 0.0, -45.15528581368371]
[75.06782240440253, 0.0, -46.31040686297952]
[75.10950048404541, 0.0, -47.67194213665441]
[75.12320546449378, 0.0, -48.82279177357258]
[75.13691044494215, 0.0, -49.97364141049076]
[75.12264232619597, 0.0, -50.913805410652216]
[75.11820245631651, 0.0, -51.910395987399006]
[75.11376258643705, 0.0, -52.9069865641458]
[75.1191509654243, 0.0, -53.96000371747793]
[75.12076764102221, 0.0, -54.99652175427314]
[75.12238431662013, 0.0, -56.03303979106833]
[75.12022928882868, 0.0, -57.0530587113266]
[75.11954965084229, 0.0, -58.08023511236435]
[75.11887001285592, 0.0, -59.10741151340211]
[75.11966576467456, 0.0, -60.14174539521936]
[75.11992237210593, 0.0, -61.169155474900265]
[75.1201789795373, 0.0, -62.196565554581156]
[75.11989644258139, 0.0, -63.21705183212572]
[75.12024319991171, 0.0, -64.24807986757921]
[75.12058995724205, 0.0, -65.27910790303272]
[75.12156600885857, 0.0, -66.32067769639517]
[75.11909389266731, 0.0, -67.34551896245216]
[75.11662177647604, 0.0, -68.37036022850916]
[75.11070149247698, 0.0, -69.3784729672607]
[75.12154200734874, 0.0, -70.40612405292035]
[75.13238252222051, 0.0, -71.43377513858002]
[75.15998383596309, 0.0, -72.48096457114778]
[75.11597279485515, 0.0, -73.54865744890677]
[75.07196175374722, 0.0, -74.61635032666574]
[74.95633835778878, 0.0, -75.70454664961593]
[74.55078059444538, 0.0, -76.83987095348576]
[74.14522283110199, 0.0, -77.97519525735557]
[73.44973070037362, 0.0, -79.15764754214499]
[72.35330967837919, 0.0, -79.99124927102413]
[71.25688865638475, 0.0, -80.82485099990329]
[69.75953874312424, 0.0, -81.30960217287213]
[68.31380510891942, 0.0, -81.59330479257495]
[66.86807147471461, 0.0, -81.87700741227778]
[65.47395411956552, 0.0, -81.95966147871457]
[64.22786465584744, 0.0, -82.02105091728563]
[62.98177519212938, 0.0, -82.08244035585672]
[61.883713619842354, 0.0, -82.12256516656205]
[60.823734397759026, 0.0, -82.13433424572152]
[59.76375517567567, 0.0, -82.14610332488098]
[58.741858303796015, 0.0, -82.12951667249457]
[57.718505913693114, 0.0, -82.118350114966]
[56.69515352359022, 0.0, -82.10718355743742]
[55.67034561526408, 0.0, -82.10143709476668]
[54.64373383051502, 0.0, -82.1022295873251]
[53.61712204576598, 0.0, -82.10302207988352]
[52.588706384594005, 0.0, -82.1103535276711]
[51.557128799294325, 0.0, -82.10960353071403]
[50.52555121399462, 0.0, -82.10885353375696]
[49.49081170456719, 0.0, -82.10002209205527]
[48.46588694291451, 0.0, -82.09634434585132]
[47.44096218126184, 0.0, -82.09266659964736]
[46.42585216738391, 0.0, -82.09414254894115]
[45.397281439498315, 0.0, -82.10522914716032]
[44.36871071161272, 0.0, -82.1163157453795]
[43.32667926971946, 0.0, -82.13701299252406]
[42.2947575043125, 0.0, -82.14728314596648]
[41.26283573890553, 0.0, -82.1575532994089]
[40.241023649984854, 0.0, -82.15739635914917]
[39.14075661807918, 0.0, -81.95860910790215]
[38.04048958617351, 0.0, -81.75982185665512]
[36.861767611282836, 0.0, -81.36240429442077]
[36.04440642589768, 0.0, -80.58681540395966]
[35.227045240512524, 0.0, -79.81122651349855]
[34.77104484463287, 0.0, -78.65746629481069]
[34.49541404033627, 0.0, -77.57593229004767]
[34.21978323603968, 0.0, -76.49439828528466]
[34.124522023326136, 0.0, -75.4850904944465]
[34.06460627941951, 0.0, -74.44983062331477]
[34.00469053551287, 0.0, -73.41457075218301]
[33.980120260413145, 0.0, -72.35335880075768]
[33.971983454738904, 0.0, -71.31549095005212]
[33.96384664906467, 0.0, -70.27762309934658]
[33.97214331281592, 0.0, -69.26309934936083]
[33.971803746099724, 0.0, -68.23768264934318]
[33.97146417938353, 0.0, -67.21226594932557]
[33.96248838219988, 0.0, -66.17595629927604]
[33.962434576701654, 0.0, -65.14530477485367]
[33.96238077120343, 0.0, -64.11465325043127]
[33.971248957390614, 0.0, -63.089659851636036]
[33.97132927279079, 0.0, -62.06246617520835]
[33.971409588190966, 0.0, -61.035272498780664]
[33.962702032804124, 0.0, -60.00587854472053]
[33.96681377116717, 0.0, -58.97530869170351]
[33.97092550953021, 0.0, -57.94473883868649]
[33.98785654164314, 0.0, -56.91299308671259]
[33.97281239789089, 0.0, -55.89582981244093]
[33.95776825413864, 0.0, -54.87866653816927]
[33.91074893452122, 0.0, -53.87608574159984]
[33.817310448784426, 0.0, -52.868186391980544]
[33.723871963047635, 0.0, -51.86028704236125]
[33.58401431119147, 0.0, -50.847069139692096]
[33.181133666420045, 0.0, -49.99145625700358]
[32.778253021648624, 0.0, -49.13584337431506]
[32.11234938396194, 0.0, -48.43783551160716]
[31.44452402722296, 0.0, -47.9865589785179]
[30.77669867048398, 0.0, -47.535282445428635]
[30.10695159469271, 0.0, -47.33073724195799]
[29.243469284825608, 0.0, -47.17841518917578]
[28.37998697495852, 0.0, -47.02609313639358]
[27.322769431015615, 0.0, -46.92599423429979]
[26.361969587759862, 0.0, -46.956075555183574]
[25.401169744504088, 0.0, -46.98615687606736]
[24.536787601935472, 0.0, -47.14641841992872]
[23.718980712185335, 0.0, -47.49791850670211]
[22.901173822435197, 0.0, -47.849418593475505]
[22.12994218550353, 0.0, -48.39215722316093]
[21.581685714059173, 0.0, -49.12587376430005]
[21.03342924261483, 0.0, -49.85959030543916]
[20.70814793665778, 0.0, -50.78428475803196]
[20.48006687869946, 0.0, -51.742219674949396]
[20.251985820741137, 0.0, -52.70015459186686]
[20.121105010781548, 0.0, -53.69132997310897]
[20.04417045922662, 0.0, -54.69764917430881]
[19.967235907671686, 0.0, -55.70396837550866]
[19.944247614521416, 0.0, -56.72543139666624]
[19.92960000487201, 0.0, -57.74722862399274]
[19.914952395222606, 0.0, -58.769025851319206]
[19.90864546907407, 0.0, -59.79115728481459]
[19.925238356334695, 0.0, -60.81420990437917]
[19.94183124359532, 0.0, -61.83726252394378]
[19.981323944265107, 0.0, -62.861236329577565]
[20.01000524156799, 0.0, -63.88979665797487]
[20.03868653887087, 0.0, -64.91835698637215]
[20.056556432806847, 0.0, -65.95150383753293]
[20.080758022693395, 0.0, -66.97909432793118]
[20.10495961257994, 0.0, -68.00668481832948]
[20.135492898417063, 0.0, -69.02871894796525]
[20.153048005589728, 0.0, -70.0612115926435]
[20.170603112762393, 0.0, -71.09370423732176]
[20.1751800412706, 0.0, -72.13665539704252]
[20.193918137604314, 0.0, -73.1596114879153]
[20.212656233938027, 0.0, -74.18256757878802]
[20.24555549809724, 0.0, -75.18552860081275]
[20.163157398768334, 0.0, -76.26874567502261]
[20.080759299439425, 0.0, -77.35196274923256]
[19.883063836622384, 0.0, -78.51543587562765]
[19.339367553994236, 0.0, -79.50043195752883]
[18.795671271366103, 0.0, -80.48542803943]
[17.905974168926882, 0.0, -81.29194707683729]
[16.905025998111086, 0.0, -81.85111098648052]
[15.904077827295287, 0.0, -82.41027489612375]
[14.791878588102914, 0.0, -82.72208367800293]
[13.695651095656334, 0.0, -82.83957494866195]
[12.59942360320978, 0.0, -82.95706621932095]
[11.519167857509022, 0.0, -82.88023997875982]
[10.4549383558725, 0.0, -82.6822501654967]
[9.390708854235953, 0.0, -82.48426035223359]
[8.342505596663646, 0.0, -82.16510696626852]
[7.366045108081805, 0.0, -81.60985424587219]
[6.389584619499941, 0.0, -81.05460152547582]
[5.48486689990855, 0.0, -80.26324947064816]
[4.92961855338018, 0.0, -79.29286683227701]
[4.374370206851835, 0.0, -78.3224841939059]
[4.168591233386483, 0.0, -77.17307097199131]
[4.065056267486439, 0.0, -76.09267291217463]
[3.9615213015863926, 0.0, -75.01227485235795]
[3.96023034325166, 0.0, -74.00089195463917]
[3.961331444747729, 0.0, -72.97469450768102]
[3.962432546243798, 0.0, -71.9484970607229]
[3.9659257075706673, 0.0, -70.90748506452542]
[3.9674413834069933, 0.0, -69.87660629365614]
[3.9689570592433188, 0.0, -68.8457275227868]
[3.968495249589101, 0.0, -67.82498197724566]
[3.9681978609265727, 0.0, -66.79817804703367]
[3.967900472264044, 0.0, -65.77137411682173]
[3.967767504593205, 0.0, -64.73851180193896]
[3.9677880834408077, 0.0, -63.70899802584254]
[3.9678086622884106, 0.0, -62.67948424974608]
[3.9679827876544556, 0.0, -61.653319012435986]
[3.968008371619259, 0.0, -60.62533277278307]
[3.968033955584063, 0.0, -59.597346533130185]
[3.9679109981476257, 0.0, -58.567539291134494]
[3.9678881985704915, 0.0, -57.53872837877165]
[3.967865398993357, 0.0, -56.509917466408815]
[3.9679427572755266, 0.0, -55.482102883678834]
[3.9679556329351424, 0.0, -54.45372240426025]
[3.9679685085947582, 0.0, -53.42534192484162]
[3.9679169016318214, 0.0, -52.396395548734375]
[3.9679126132619307, 0.0, -51.367812106453364]
[3.96790832489204, 0.0, -50.339228664172396]
[3.9679513551151953, 0.0, -49.31100815571766]
[3.9679475158804522, 0.0, -48.282481207468535]
[3.9679436766457092, 0.0, -47.25395425921939]
[3.967892967953068, 0.0, -46.225120871175854]
[3.9679055641994907, 0.0, -45.196669102094035]
[3.9679181604459135, 0.0, -44.16821733301224]
[3.9679940616314004, 0.0, -43.14014718289215]
[3.9679704597628405, 0.0, -42.111452061195536]
[3.9679468578942805, 0.0, -41.08275693949891]
[3.9678237529716736, 0.0, -40.05343684622575]
[3.9678554593102398, 0.0, -39.02532617728137]
[3.9678871656488055, 0.0, -37.99721550833698]
[3.9680736832485435, 0.0, -36.97031426372135]
[3.9680663504725167, 0.0, -35.94088014042788]
[3.96805901769649, 0.0, -34.91144601713446]
[3.967857834544699, 0.0, -33.87947901516319]
[3.967674318438939, 0.0, -32.85354669704995]
[3.9674908023331783, 0.0, -31.82761437893668]
[3.9673249532734483, 0.0, -30.807716744681432]
[3.968404638593973, 0.0, -29.771760795813684]
[3.9694843239144975, 0.0, -28.735804846945932]
[3.9718095436152767, 0.0, -27.68379058346568]
[3.9743882533292414, 0.0, -26.67723025131952]
[3.976966963043206, 0.0, -25.670669919173363]
[3.9797991627703553, 0.0, -24.7095635183613]
[4.02193721812518, 0.0, -23.42919951029213]
[4.064075273480004, 0.0, -22.148835502222987]
[4.145519184462502, 0.0, -20.54921388689675]
[4.370072762585179, 0.0, -19.164451976856157]
[4.594626340707867, 0.0, -17.779690066815505]
[4.962289585970746, 0.0, -16.609787862060514]
[5.601124233134277, 0.0, -15.62030481645035]
[6.239958880297781, 0.0, -14.630821770840232]
[7.1499649293619125, 0.0, -13.821757884374929]
[7.9803040628034685, 0.0, -13.295552327747206]
[8.810643196245042, 0.0, -12.769346771119471]
[9.561315414064039, 0.0, -12.52599954432933]
[10.751920916397527, 0.0, -12.293804015975436]
[11.942526418731015, 0.0, -12.06160848762154]
[13.573065205578995, 0.0, -11.840564657703887]
[15.213904826736076, 0.0, -11.724477570815978]
[16.854744447893157, 0.0, -11.608390483928067]
[18.505884903359338, 0.0, -11.5972601400699]
[19.901248825010658, 0.0, -11.593161130862653]
[21.296612746661978, 0.0, -11.589062121655406]
[22.43620013449843, 0.0, -11.591994447099083]
[23.50640877210977, 0.0, -11.593096584205032]
[24.576617409721056, 0.0, -11.59419872131098]
[25.57744729710723, 0.0, -11.593470670079196]
[26.594210265247263, 0.0, -11.593501671397318]
[27.61097323338736, 0.0, -11.59353267271544]
[28.643669282281316, 0.0, -11.594322726583467]
[29.67907768577789, 0.0, -11.593670142314428]

