# This file uses centimeters as units for non-parametric coordinates.

# mtllib sphere.mtl
v 0.153016 0.012312 -0.032525
v 0.142910 0.012312 -0.063628
v 0.126558 0.012312 -0.091950
v 0.104675 0.012312 -0.116254
v 0.078217 0.012312 -0.135476
v 0.048341 0.012312 -0.148778
v 0.016352 0.012312 -0.155578
v -0.016352 0.012312 -0.155578
v -0.048341 0.012312 -0.148778
v -0.078217 0.012312 -0.135476
v -0.104675 0.012312 -0.116254
v -0.126558 0.012312 -0.091950
v -0.142910 0.012312 -0.063628
v -0.153016 0.012312 -0.032525
v -0.156435 0.012312 -0.000000
v -0.153016 0.012312 0.032525
v -0.142910 0.012312 0.063628
v -0.126558 0.012312 0.091950
v -0.104675 0.012312 0.116254
v -0.078217 0.012312 0.135476
v -0.048341 0.012312 0.148778
v -0.016352 0.012312 0.155578
v 0.016352 0.012312 0.155578
v 0.048341 0.012312 0.148778
v 0.078217 0.012312 0.135476
v 0.104675 0.012312 0.116253
v 0.126558 0.012312 0.091950
v 0.142910 0.012312 0.063628
v 0.153016 0.012312 0.032525
v 0.156434 0.012312 0.000000
v 0.302265 0.048943 -0.064248
v 0.282301 0.048943 -0.125689
v 0.250000 0.048943 -0.181636
v 0.206773 0.048943 -0.229645
v 0.154509 0.048943 -0.267617
v 0.095492 0.048943 -0.293893
v 0.032301 0.048943 -0.307324
v -0.032301 0.048943 -0.307324
v -0.095492 0.048943 -0.293893
v -0.154509 0.048943 -0.267617
v -0.206773 0.048943 -0.229645
v -0.250000 0.048943 -0.181636
v -0.282301 0.048943 -0.125689
v -0.302264 0.048943 -0.064248
v -0.309017 0.048943 -0.000000
v -0.302264 0.048943 0.064248
v -0.282301 0.048943 0.125689
v -0.250000 0.048943 0.181636
v -0.206773 0.048943 0.229644
v -0.154509 0.048943 0.267617
v -0.095492 0.048943 0.293893
v -0.032301 0.048943 0.307324
v 0.032301 0.048943 0.307324
v 0.095492 0.048943 0.293893
v 0.154509 0.048943 0.267617
v 0.206773 0.048943 0.229644
v 0.250000 0.048943 0.181636
v 0.282301 0.048943 0.125689
v 0.302264 0.048943 0.064248
v 0.309017 0.048943 0.000000
v 0.444070 0.108993 -0.094390
v 0.414741 0.108993 -0.184655
v 0.367286 0.108993 -0.266849
v 0.303779 0.108993 -0.337381
v 0.226996 0.108993 -0.393168
v 0.140291 0.108993 -0.431771
v 0.047455 0.108993 -0.451504
v -0.047455 0.108993 -0.451504
v -0.140291 0.108993 -0.431771
v -0.226995 0.108993 -0.393168
v -0.303779 0.108993 -0.337381
v -0.367286 0.108993 -0.266849
v -0.414741 0.108993 -0.184655
v -0.444070 0.108993 -0.094390
v -0.453991 0.108993 -0.000000
v -0.444070 0.108993 0.094390
v -0.414741 0.108993 0.184655
v -0.367286 0.108993 0.266849
v -0.303779 0.108993 0.337381
v -0.226995 0.108993 0.393167
v -0.140291 0.108993 0.431771
v -0.047455 0.108993 0.451504
v 0.047455 0.108993 0.451504
v 0.140291 0.108993 0.431771
v 0.226995 0.108993 0.393167
v 0.303779 0.108993 0.337381
v 0.367286 0.108993 0.266849
v 0.414741 0.108993 0.184655
v 0.444070 0.108993 0.094390
v 0.453991 0.108993 0.000000
v 0.574941 0.190983 -0.122207
v 0.536969 0.190983 -0.239074
v 0.475529 0.190983 -0.345492
v 0.393306 0.190983 -0.436810
v 0.293893 0.190983 -0.509037
v 0.181636 0.190983 -0.559017
v 0.061440 0.190983 -0.584566
v -0.061440 0.190983 -0.584566
v -0.181636 0.190983 -0.559017
v -0.293893 0.190983 -0.509037
v -0.393305 0.190983 -0.436810
v -0.475529 0.190983 -0.345492
v -0.536969 0.190983 -0.239074
v -0.574941 0.190983 -0.122208
v -0.587786 0.190983 -0.000000
v -0.574941 0.190983 0.122207
v -0.536969 0.190983 0.239074
v -0.475528 0.190983 0.345492
v -0.393305 0.190983 0.436810
v -0.293893 0.190983 0.509037
v -0.181636 0.190983 0.559017
v -0.061440 0.190983 0.584565
v 0.061440 0.190983 0.584565
v 0.181636 0.190983 0.559017
v 0.293893 0.190983 0.509037
v 0.393305 0.190983 0.436810
v 0.475528 0.190983 0.345492
v 0.536969 0.190983 0.239074
v 0.574941 0.190983 0.122207
v 0.587785 0.190983 0.000000
v 0.691655 0.292893 -0.147016
v 0.645975 0.292893 -0.287606
v 0.572062 0.292893 -0.415627
v 0.473147 0.292893 -0.525483
v 0.353554 0.292893 -0.612373
v 0.218508 0.292893 -0.672499
v 0.073913 0.292893 -0.703234
v -0.073913 0.292893 -0.703234
v -0.218508 0.292893 -0.672499
v -0.353554 0.292893 -0.612373
v -0.473147 0.292893 -0.525483
v -0.572062 0.292893 -0.415627
v -0.645975 0.292893 -0.287606
v -0.691655 0.292893 -0.147016
v -0.707107 0.292893 -0.000000
v -0.691655 0.292893 0.147016
v -0.645974 0.292893 0.287606
v -0.572062 0.292893 0.415627
v -0.473147 0.292893 0.525483
v -0.353554 0.292893 0.612373
v -0.218508 0.292893 0.672499
v -0.073913 0.292893 0.703233
v 0.073913 0.292893 0.703233
v 0.218508 0.292893 0.672499
v 0.353553 0.292893 0.612373
v 0.473147 0.292893 0.525483
v 0.572061 0.292893 0.415627
v 0.645974 0.292893 0.287606
v 0.691655 0.292893 0.147016
v 0.707107 0.292893 0.000000
v 0.791339 0.412215 -0.168204
v 0.739075 0.412215 -0.329057
v 0.654509 0.412215 -0.475529
v 0.541339 0.412215 -0.601217
v 0.404509 0.412215 -0.700630
v 0.250000 0.412215 -0.769422
v 0.084566 0.412215 -0.804586
v -0.084565 0.412215 -0.804586
v -0.250000 0.412215 -0.769422
v -0.404509 0.412215 -0.700630
v -0.541338 0.412215 -0.601217
v -0.654509 0.412215 -0.475529
v -0.739074 0.412215 -0.329057
v -0.791338 0.412215 -0.168204
v -0.809017 0.412215 -0.000000
v -0.791338 0.412215 0.168204
v -0.739074 0.412215 0.329057
v -0.654509 0.412215 0.475528
v -0.541338 0.412215 0.601217
v -0.404509 0.412215 0.700630
v -0.250000 0.412215 0.769421
v -0.084565 0.412215 0.804585
v 0.084565 0.412215 0.804585
v 0.250000 0.412215 0.769421
v 0.404509 0.412215 0.700629
v 0.541338 0.412215 0.601217
v 0.654509 0.412215 0.475528
v 0.739074 0.412215 0.329057
v 0.791338 0.412215 0.168204
v 0.809017 0.412215 0.000000
v 0.871537 0.546009 -0.185251
v 0.813976 0.546009 -0.362405
v 0.720840 0.546009 -0.523721
v 0.596200 0.546009 -0.662147
v 0.445504 0.546009 -0.771635
v 0.275337 0.546009 -0.847398
v 0.093136 0.546009 -0.886126
v -0.093135 0.546009 -0.886126
v -0.275336 0.546009 -0.847398
v -0.445503 0.546009 -0.771635
v -0.596200 0.546009 -0.662147
v -0.720840 0.546009 -0.523721
v -0.813975 0.546009 -0.362405
v -0.871536 0.546009 -0.185251
v -0.891007 0.546009 -0.000000
v -0.871536 0.546009 0.185251
v -0.813975 0.546009 0.362405
v -0.720840 0.546009 0.523721
v -0.596200 0.546009 0.662147
v -0.445503 0.546009 0.771635
v -0.275336 0.546009 0.847398
v -0.093136 0.546009 0.886126
v 0.093136 0.546009 0.886126
v 0.275336 0.546009 0.847398
v 0.445503 0.546009 0.771634
v 0.596200 0.546009 0.662147
v 0.720840 0.546009 0.523721
v 0.813975 0.546009 0.362405
v 0.871536 0.546009 0.185251
v 0.891007 0.546009 0.000000
v 0.930275 0.690983 -0.197736
v 0.868834 0.690983 -0.386830
v 0.769422 0.690983 -0.559017
v 0.636382 0.690983 -0.706773
v 0.475529 0.690983 -0.823640
v 0.293893 0.690983 -0.904509
v 0.099413 0.690983 -0.945847
v -0.099412 0.690983 -0.945847
v -0.293893 0.690983 -0.904509
v -0.475529 0.690983 -0.823640
v -0.636381 0.690983 -0.706773
v -0.769421 0.690983 -0.559017
v -0.868834 0.690983 -0.386830
v -0.930274 0.690983 -0.197736
v -0.951057 0.690983 -0.000000
v -0.930274 0.690983 0.197736
v -0.868834 0.690983 0.386830
v -0.769421 0.690983 0.559017
v -0.636381 0.690983 0.706773
v -0.475529 0.690983 0.823639
v -0.293893 0.690983 0.904509
v -0.099413 0.690983 0.945847
v 0.099412 0.690983 0.945847
v 0.293893 0.690983 0.904509
v 0.475528 0.690983 0.823639
v 0.636381 0.690983 0.706773
v 0.769421 0.690983 0.559017
v 0.868833 0.690983 0.386830
v 0.930274 0.690983 0.197736
v 0.951057 0.690983 0.000000
v 0.966106 0.843566 -0.205352
v 0.902299 0.843566 -0.401729
v 0.799057 0.843566 -0.580549
v 0.660893 0.843566 -0.733996
v 0.493845 0.843566 -0.855364
v 0.305213 0.843566 -0.939348
v 0.103242 0.843566 -0.982278
v -0.103241 0.843566 -0.982278
v -0.305213 0.843566 -0.939348
v -0.493844 0.843566 -0.855364
v -0.660893 0.843566 -0.733996
v -0.799057 0.843566 -0.580549
v -0.902299 0.843566 -0.401729
v -0.966106 0.843566 -0.205352
v -0.987689 0.843566 -0.000000
v -0.966105 0.843566 0.205352
v -0.902299 0.843566 0.401729
v -0.799057 0.843566 0.580549
v -0.660893 0.843566 0.733996
v -0.493844 0.843566 0.855363
v -0.305213 0.843566 0.939348
v -0.103242 0.843566 0.982278
v 0.103242 0.843566 0.982278
v 0.305212 0.843566 0.939348
v 0.493844 0.843566 0.855363
v 0.660893 0.843566 0.733996
v 0.799057 0.843566 0.580549
v 0.902298 0.843566 0.401729
v 0.966105 0.843566 0.205352
v 0.987688 0.843566 0.000000
v 0.978149 1.000000 -0.207912
v 0.913546 1.000000 -0.406737
v 0.809018 1.000000 -0.587786
v 0.669131 1.000000 -0.743145
v 0.500001 1.000000 -0.866026
v 0.309017 1.000000 -0.951057
v 0.104529 1.000000 -0.994523
v -0.104528 1.000000 -0.994523
v -0.309017 1.000000 -0.951057
v -0.500000 1.000000 -0.866026
v -0.669131 1.000000 -0.743145
v -0.809017 1.000000 -0.587786
v -0.913546 1.000000 -0.406737
v -0.978148 1.000000 -0.207912
v -1.000000 1.000000 -0.000000
v -0.978148 1.000000 0.207912
v -0.913546 1.000000 0.406737
v -0.809017 1.000000 0.587785
v -0.669131 1.000000 0.743145
v -0.500000 1.000000 0.866026
v -0.309017 1.000000 0.951057
v -0.104529 1.000000 0.994522
v 0.104528 1.000000 0.994522
v 0.309017 1.000000 0.951057
v 0.500000 1.000000 0.866026
v 0.669131 1.000000 0.743145
v 0.809017 1.000000 0.587785
v 0.913546 1.000000 0.406737
v 0.978148 1.000000 0.207912
v 1.000000 1.000000 0.000000
v 0.966106 1.156434 -0.205352
v 0.902299 1.156434 -0.401729
v 0.799057 1.156434 -0.580549
v 0.660893 1.156434 -0.733996
v 0.493845 1.156434 -0.855364
v 0.305213 1.156434 -0.939348
v 0.103242 1.156434 -0.982278
v -0.103241 1.156434 -0.982278
v -0.305213 1.156434 -0.939348
v -0.493844 1.156434 -0.855364
v -0.660893 1.156434 -0.733996
v -0.799057 1.156434 -0.580549
v -0.902299 1.156434 -0.401729
v -0.966106 1.156434 -0.205352
v -0.987689 1.156434 -0.000000
v -0.966105 1.156434 0.205352
v -0.902299 1.156434 0.401729
v -0.799057 1.156434 0.580549
v -0.660893 1.156434 0.733996
v -0.493844 1.156434 0.855363
v -0.305213 1.156434 0.939348
v -0.103242 1.156434 0.982278
v 0.103242 1.156434 0.982278
v 0.305212 1.156434 0.939348
v 0.493844 1.156434 0.855363
v 0.660893 1.156434 0.733996
v 0.799057 1.156434 0.580549
v 0.902298 1.156434 0.401729
v 0.966105 1.156434 0.205352
v 0.987688 1.156434 0.000000
v 0.930275 1.309017 -0.197736
v 0.868834 1.309017 -0.386830
v 0.769422 1.309017 -0.559017
v 0.636382 1.309017 -0.706773
v 0.475529 1.309017 -0.823640
v 0.293893 1.309017 -0.904509
v 0.099413 1.309017 -0.945847
v -0.099412 1.309017 -0.945847
v -0.293893 1.309017 -0.904509
v -0.475529 1.309017 -0.823640
v -0.636381 1.309017 -0.706773
v -0.769421 1.309017 -0.559017
v -0.868834 1.309017 -0.386830
v -0.930274 1.309017 -0.197736
v -0.951057 1.309017 -0.000000
v -0.930274 1.309017 0.197736
v -0.868834 1.309017 0.386830
v -0.769421 1.309017 0.559017
v -0.636381 1.309017 0.706773
v -0.475529 1.309017 0.823639
v -0.293893 1.309017 0.904509
v -0.099413 1.309017 0.945847
v 0.099412 1.309017 0.945847
v 0.293893 1.309017 0.904509
v 0.475528 1.309017 0.823639
v 0.636381 1.309017 0.706773
v 0.769421 1.309017 0.559017
v 0.868833 1.309017 0.386830
v 0.930274 1.309017 0.197736
v 0.951057 1.309017 0.000000
v 0.871537 1.453991 -0.185251
v 0.813976 1.453991 -0.362405
v 0.720840 1.453991 -0.523721
v 0.596200 1.453991 -0.662147
v 0.445504 1.453991 -0.771635
v 0.275337 1.453991 -0.847398
v 0.093136 1.453991 -0.886126
v -0.093135 1.453991 -0.886126
v -0.275336 1.453991 -0.847398
v -0.445503 1.453991 -0.771635
v -0.596200 1.453991 -0.662147
v -0.720840 1.453991 -0.523721
v -0.813975 1.453991 -0.362405
v -0.871536 1.453991 -0.185251
v -0.891007 1.453991 -0.000000
v -0.871536 1.453991 0.185251
v -0.813975 1.453991 0.362405
v -0.720840 1.453991 0.523721
v -0.596200 1.453991 0.662147
v -0.445503 1.453991 0.771635
v -0.275336 1.453991 0.847398
v -0.093136 1.453991 0.886126
v 0.093136 1.453991 0.886126
v 0.275336 1.453991 0.847398
v 0.445503 1.453991 0.771634
v 0.596200 1.453991 0.662147
v 0.720840 1.453991 0.523721
v 0.813975 1.453991 0.362405
v 0.871536 1.453991 0.185251
v 0.891007 1.453991 0.000000
v 0.791339 1.587785 -0.168204
v 0.739075 1.587785 -0.329057
v 0.654509 1.587785 -0.475529
v 0.541339 1.587785 -0.601217
v 0.404509 1.587785 -0.700630
v 0.250000 1.587785 -0.769422
v 0.084566 1.587785 -0.804586
v -0.084565 1.587785 -0.804586
v -0.250000 1.587785 -0.769422
v -0.404509 1.587785 -0.700630
v -0.541338 1.587785 -0.601217
v -0.654509 1.587785 -0.475529
v -0.739074 1.587785 -0.329057
v -0.791338 1.587785 -0.168204
v -0.809017 1.587785 -0.000000
v -0.791338 1.587785 0.168204
v -0.739074 1.587785 0.329057
v -0.654509 1.587785 0.475528
v -0.541338 1.587785 0.601217
v -0.404509 1.587785 0.700630
v -0.250000 1.587785 0.769421
v -0.084565 1.587785 0.804585
v 0.084565 1.587785 0.804585
v 0.250000 1.587785 0.769421
v 0.404509 1.587785 0.700629
v 0.541338 1.587785 0.601217
v 0.654509 1.587785 0.475528
v 0.739074 1.587785 0.329057
v 0.791338 1.587785 0.168204
v 0.809017 1.587785 0.000000
v 0.691655 1.707107 -0.147016
v 0.645975 1.707107 -0.287606
v 0.572062 1.707107 -0.415627
v 0.473147 1.707107 -0.525483
v 0.353554 1.707107 -0.612373
v 0.218508 1.707107 -0.672499
v 0.073913 1.707107 -0.703234
v -0.073913 1.707107 -0.703234
v -0.218508 1.707107 -0.672499
v -0.353554 1.707107 -0.612373
v -0.473147 1.707107 -0.525483
v -0.572062 1.707107 -0.415627
v -0.645975 1.707107 -0.287606
v -0.691655 1.707107 -0.147016
v -0.707107 1.707107 -0.000000
v -0.691655 1.707107 0.147016
v -0.645974 1.707107 0.287606
v -0.572062 1.707107 0.415627
v -0.473147 1.707107 0.525483
v -0.353554 1.707107 0.612373
v -0.218508 1.707107 0.672499
v -0.073913 1.707107 0.703233
v 0.073913 1.707107 0.703233
v 0.218508 1.707107 0.672499
v 0.353553 1.707107 0.612373
v 0.473147 1.707107 0.525483
v 0.572061 1.707107 0.415627
v 0.645974 1.707107 0.287606
v 0.691655 1.707107 0.147016
v 0.707107 1.707107 0.000000
v 0.574941 1.809017 -0.122207
v 0.536969 1.809017 -0.239074
v 0.475529 1.809017 -0.345492
v 0.393306 1.809017 -0.436810
v 0.293893 1.809017 -0.509037
v 0.181636 1.809017 -0.559017
v 0.061440 1.809017 -0.584566
v -0.061440 1.809017 -0.584566
v -0.181636 1.809017 -0.559017
v -0.293893 1.809017 -0.509037
v -0.393305 1.809017 -0.436810
v -0.475529 1.809017 -0.345492
v -0.536969 1.809017 -0.239074
v -0.574941 1.809017 -0.122208
v -0.587786 1.809017 -0.000000
v -0.574941 1.809017 0.122207
v -0.536969 1.809017 0.239074
v -0.475528 1.809017 0.345492
v -0.393305 1.809017 0.436810
v -0.293893 1.809017 0.509037
v -0.181636 1.809017 0.559017
v -0.061440 1.809017 0.584565
v 0.061440 1.809017 0.584565
v 0.181636 1.809017 0.559017
v 0.293893 1.809017 0.509037
v 0.393305 1.809017 0.436810
v 0.475528 1.809017 0.345492
v 0.536969 1.809017 0.239074
v 0.574941 1.809017 0.122207
v 0.587785 1.809017 0.000000
v 0.444070 1.891007 -0.094390
v 0.414741 1.891007 -0.184655
v 0.367286 1.891007 -0.266849
v 0.303779 1.891007 -0.337381
v 0.226996 1.891007 -0.393168
v 0.140291 1.891007 -0.431771
v 0.047455 1.891007 -0.451504
v -0.047455 1.891007 -0.451504
v -0.140291 1.891007 -0.431771
v -0.226995 1.891007 -0.393168
v -0.303779 1.891007 -0.337381
v -0.367286 1.891007 -0.266849
v -0.414741 1.891007 -0.184655
v -0.444070 1.891007 -0.094390
v -0.453991 1.891007 -0.000000
v -0.444070 1.891007 0.094390
v -0.414741 1.891007 0.184655
v -0.367286 1.891007 0.266849
v -0.303779 1.891007 0.337381
v -0.226995 1.891007 0.393167
v -0.140291 1.891007 0.431771
v -0.047455 1.891007 0.451504
v 0.047455 1.891007 0.451504
v 0.140291 1.891007 0.431771
v 0.226995 1.891007 0.393167
v 0.303779 1.891007 0.337381
v 0.367286 1.891007 0.266849
v 0.414741 1.891007 0.184655
v 0.444070 1.891007 0.094390
v 0.453991 1.891007 0.000000
v 0.302265 1.951057 -0.064248
v 0.282301 1.951057 -0.125689
v 0.250000 1.951057 -0.181636
v 0.206773 1.951057 -0.229645
v 0.154509 1.951057 -0.267617
v 0.095492 1.951057 -0.293893
v 0.032301 1.951057 -0.307324
v -0.032301 1.951057 -0.307324
v -0.095492 1.951057 -0.293893
v -0.154509 1.951057 -0.267617
v -0.206773 1.951057 -0.229645
v -0.250000 1.951057 -0.181636
v -0.282301 1.951057 -0.125689
v -0.302264 1.951057 -0.064248
v -0.309017 1.951057 -0.000000
v -0.302264 1.951057 0.064248
v -0.282301 1.951057 0.125689
v -0.250000 1.951057 0.181636
v -0.206773 1.951057 0.229644
v -0.154509 1.951057 0.267617
v -0.095492 1.951057 0.293893
v -0.032301 1.951057 0.307324
v 0.032301 1.951057 0.307324
v 0.095492 1.951057 0.293893
v 0.154509 1.951057 0.267617
v 0.206773 1.951057 0.229644
v 0.250000 1.951057 0.181636
v 0.282301 1.951057 0.125689
v 0.302264 1.951057 0.064248
v 0.309017 1.951057 0.000000
v 0.153016 1.987688 -0.032525
v 0.142910 1.987688 -0.063628
v 0.126558 1.987688 -0.091950
v 0.104675 1.987688 -0.116254
v 0.078217 1.987688 -0.135476
v 0.048341 1.987688 -0.148778
v 0.016352 1.987688 -0.155578
v -0.016352 1.987688 -0.155578
v -0.048341 1.987688 -0.148778
v -0.078217 1.987688 -0.135476
v -0.104675 1.987688 -0.116254
v -0.126558 1.987688 -0.091950
v -0.142910 1.987688 -0.063628
v -0.153016 1.987688 -0.032525
v -0.156435 1.987688 -0.000000
v -0.153016 1.987688 0.032525
v -0.142910 1.987688 0.063628
v -0.126558 1.987688 0.091950
v -0.104675 1.987688 0.116254
v -0.078217 1.987688 0.135476
v -0.048341 1.987688 0.148778
v -0.016352 1.987688 0.155578
v 0.016352 1.987688 0.155578
v 0.048341 1.987688 0.148778
v 0.078217 1.987688 0.135476
v 0.104675 1.987688 0.116253
v 0.126558 1.987688 0.091950
v 0.142910 1.987688 0.063628
v 0.153016 1.987688 0.032525
v 0.156434 1.987688 0.000000
v 0.000000 0.000000 0.000000
v 0.000000 2.000000 0.000000
vt 0.000000 0.050000
vt 0.033333 0.050000
vt 0.066667 0.050000
vt 0.100000 0.050000
vt 0.133333 0.050000
vt 0.166667 0.050000
vt 0.200000 0.050000
vt 0.233333 0.050000
vt 0.266667 0.050000
vt 0.300000 0.050000
vt 0.333333 0.050000
vt 0.366667 0.050000
vt 0.400000 0.050000
vt 0.433333 0.050000
vt 0.466667 0.050000
vt 0.500000 0.050000
vt 0.533333 0.050000
vt 0.566667 0.050000
vt 0.600000 0.050000
vt 0.633333 0.050000
vt 0.666667 0.050000
vt 0.700000 0.050000
vt 0.733334 0.050000
vt 0.766667 0.050000
vt 0.800000 0.050000
vt 0.833334 0.050000
vt 0.866667 0.050000
vt 0.900000 0.050000
vt 0.933334 0.050000
vt 0.966667 0.050000
vt 1.000000 0.050000
vt 0.000000 0.100000
vt 0.033333 0.100000
vt 0.066667 0.100000
vt 0.100000 0.100000
vt 0.133333 0.100000
vt 0.166667 0.100000
vt 0.200000 0.100000
vt 0.233333 0.100000
vt 0.266667 0.100000
vt 0.300000 0.100000
vt 0.333333 0.100000
vt 0.366667 0.100000
vt 0.400000 0.100000
vt 0.433333 0.100000
vt 0.466667 0.100000
vt 0.500000 0.100000
vt 0.533333 0.100000
vt 0.566667 0.100000
vt 0.600000 0.100000
vt 0.633333 0.100000
vt 0.666667 0.100000
vt 0.700000 0.100000
vt 0.733334 0.100000
vt 0.766667 0.100000
vt 0.800000 0.100000
vt 0.833334 0.100000
vt 0.866667 0.100000
vt 0.900000 0.100000
vt 0.933334 0.100000
vt 0.966667 0.100000
vt 1.000000 0.100000
vt 0.000000 0.150000
vt 0.033333 0.150000
vt 0.066667 0.150000
vt 0.100000 0.150000
vt 0.133333 0.150000
vt 0.166667 0.150000
vt 0.200000 0.150000
vt 0.233333 0.150000
vt 0.266667 0.150000
vt 0.300000 0.150000
vt 0.333333 0.150000
vt 0.366667 0.150000
vt 0.400000 0.150000
vt 0.433333 0.150000
vt 0.466667 0.150000
vt 0.500000 0.150000
vt 0.533333 0.150000
vt 0.566667 0.150000
vt 0.600000 0.150000
vt 0.633333 0.150000
vt 0.666667 0.150000
vt 0.700000 0.150000
vt 0.733334 0.150000
vt 0.766667 0.150000
vt 0.800000 0.150000
vt 0.833334 0.150000
vt 0.866667 0.150000
vt 0.900000 0.150000
vt 0.933334 0.150000
vt 0.966667 0.150000
vt 1.000000 0.150000
vt 0.000000 0.200000
vt 0.033333 0.200000
vt 0.066667 0.200000
vt 0.100000 0.200000
vt 0.133333 0.200000
vt 0.166667 0.200000
vt 0.200000 0.200000
vt 0.233333 0.200000
vt 0.266667 0.200000
vt 0.300000 0.200000
vt 0.333333 0.200000
vt 0.366667 0.200000
vt 0.400000 0.200000
vt 0.433333 0.200000
vt 0.466667 0.200000
vt 0.500000 0.200000
vt 0.533333 0.200000
vt 0.566667 0.200000
vt 0.600000 0.200000
vt 0.633333 0.200000
vt 0.666667 0.200000
vt 0.700000 0.200000
vt 0.733334 0.200000
vt 0.766667 0.200000
vt 0.800000 0.200000
vt 0.833334 0.200000
vt 0.866667 0.200000
vt 0.900000 0.200000
vt 0.933334 0.200000
vt 0.966667 0.200000
vt 1.000000 0.200000
vt 0.000000 0.250000
vt 0.033333 0.250000
vt 0.066667 0.250000
vt 0.100000 0.250000
vt 0.133333 0.250000
vt 0.166667 0.250000
vt 0.200000 0.250000
vt 0.233333 0.250000
vt 0.266667 0.250000
vt 0.300000 0.250000
vt 0.333333 0.250000
vt 0.366667 0.250000
vt 0.400000 0.250000
vt 0.433333 0.250000
vt 0.466667 0.250000
vt 0.500000 0.250000
vt 0.533333 0.250000
vt 0.566667 0.250000
vt 0.600000 0.250000
vt 0.633333 0.250000
vt 0.666667 0.250000
vt 0.700000 0.250000
vt 0.733334 0.250000
vt 0.766667 0.250000
vt 0.800000 0.250000
vt 0.833334 0.250000
vt 0.866667 0.250000
vt 0.900000 0.250000
vt 0.933334 0.250000
vt 0.966667 0.250000
vt 1.000000 0.250000
vt 0.000000 0.300000
vt 0.033333 0.300000
vt 0.066667 0.300000
vt 0.100000 0.300000
vt 0.133333 0.300000
vt 0.166667 0.300000
vt 0.200000 0.300000
vt 0.233333 0.300000
vt 0.266667 0.300000
vt 0.300000 0.300000
vt 0.333333 0.300000
vt 0.366667 0.300000
vt 0.400000 0.300000
vt 0.433333 0.300000
vt 0.466667 0.300000
vt 0.500000 0.300000
vt 0.533333 0.300000
vt 0.566667 0.300000
vt 0.600000 0.300000
vt 0.633333 0.300000
vt 0.666667 0.300000
vt 0.700000 0.300000
vt 0.733334 0.300000
vt 0.766667 0.300000
vt 0.800000 0.300000
vt 0.833334 0.300000
vt 0.866667 0.300000
vt 0.900000 0.300000
vt 0.933334 0.300000
vt 0.966667 0.300000
vt 1.000000 0.300000
vt 0.000000 0.350000
vt 0.033333 0.350000
vt 0.066667 0.350000
vt 0.100000 0.350000
vt 0.133333 0.350000
vt 0.166667 0.350000
vt 0.200000 0.350000
vt 0.233333 0.350000
vt 0.266667 0.350000
vt 0.300000 0.350000
vt 0.333333 0.350000
vt 0.366667 0.350000
vt 0.400000 0.350000
vt 0.433333 0.350000
vt 0.466667 0.350000
vt 0.500000 0.350000
vt 0.533333 0.350000
vt 0.566667 0.350000
vt 0.600000 0.350000
vt 0.633333 0.350000
vt 0.666667 0.350000
vt 0.700000 0.350000
vt 0.733334 0.350000
vt 0.766667 0.350000
vt 0.800000 0.350000
vt 0.833334 0.350000
vt 0.866667 0.350000
vt 0.900000 0.350000
vt 0.933334 0.350000
vt 0.966667 0.350000
vt 1.000000 0.350000
vt 0.000000 0.400000
vt 0.033333 0.400000
vt 0.066667 0.400000
vt 0.100000 0.400000
vt 0.133333 0.400000
vt 0.166667 0.400000
vt 0.200000 0.400000
vt 0.233333 0.400000
vt 0.266667 0.400000
vt 0.300000 0.400000
vt 0.333333 0.400000
vt 0.366667 0.400000
vt 0.400000 0.400000
vt 0.433333 0.400000
vt 0.466667 0.400000
vt 0.500000 0.400000
vt 0.533333 0.400000
vt 0.566667 0.400000
vt 0.600000 0.400000
vt 0.633333 0.400000
vt 0.666667 0.400000
vt 0.700000 0.400000
vt 0.733334 0.400000
vt 0.766667 0.400000
vt 0.800000 0.400000
vt 0.833334 0.400000
vt 0.866667 0.400000
vt 0.900000 0.400000
vt 0.933334 0.400000
vt 0.966667 0.400000
vt 1.000000 0.400000
vt 0.000000 0.450000
vt 0.033333 0.450000
vt 0.066667 0.450000
vt 0.100000 0.450000
vt 0.133333 0.450000
vt 0.166667 0.450000
vt 0.200000 0.450000
vt 0.233333 0.450000
vt 0.266667 0.450000
vt 0.300000 0.450000
vt 0.333333 0.450000
vt 0.366667 0.450000
vt 0.400000 0.450000
vt 0.433333 0.450000
vt 0.466667 0.450000
vt 0.500000 0.450000
vt 0.533333 0.450000
vt 0.566667 0.450000
vt 0.600000 0.450000
vt 0.633333 0.450000
vt 0.666667 0.450000
vt 0.700000 0.450000
vt 0.733334 0.450000
vt 0.766667 0.450000
vt 0.800000 0.450000
vt 0.833334 0.450000
vt 0.866667 0.450000
vt 0.900000 0.450000
vt 0.933334 0.450000
vt 0.966667 0.450000
vt 1.000000 0.450000
vt 0.000000 0.500000
vt 0.033333 0.500000
vt 0.066667 0.500000
vt 0.100000 0.500000
vt 0.133333 0.500000
vt 0.166667 0.500000
vt 0.200000 0.500000
vt 0.233333 0.500000
vt 0.266667 0.500000
vt 0.300000 0.500000
vt 0.333333 0.500000
vt 0.366667 0.500000
vt 0.400000 0.500000
vt 0.433333 0.500000
vt 0.466667 0.500000
vt 0.500000 0.500000
vt 0.533333 0.500000
vt 0.566667 0.500000
vt 0.600000 0.500000
vt 0.633333 0.500000
vt 0.666667 0.500000
vt 0.700000 0.500000
vt 0.733334 0.500000
vt 0.766667 0.500000
vt 0.800000 0.500000
vt 0.833334 0.500000
vt 0.866667 0.500000
vt 0.900000 0.500000
vt 0.933334 0.500000
vt 0.966667 0.500000
vt 1.000000 0.500000
vt 0.000000 0.550000
vt 0.033333 0.550000
vt 0.066667 0.550000
vt 0.100000 0.550000
vt 0.133333 0.550000
vt 0.166667 0.550000
vt 0.200000 0.550000
vt 0.233333 0.550000
vt 0.266667 0.550000
vt 0.300000 0.550000
vt 0.333333 0.550000
vt 0.366667 0.550000
vt 0.400000 0.550000
vt 0.433333 0.550000
vt 0.466667 0.550000
vt 0.500000 0.550000
vt 0.533333 0.550000
vt 0.566667 0.550000
vt 0.600000 0.550000
vt 0.633333 0.550000
vt 0.666667 0.550000
vt 0.700000 0.550000
vt 0.733334 0.550000
vt 0.766667 0.550000
vt 0.800000 0.550000
vt 0.833334 0.550000
vt 0.866667 0.550000
vt 0.900000 0.550000
vt 0.933334 0.550000
vt 0.966667 0.550000
vt 1.000000 0.550000
vt 0.000000 0.600000
vt 0.033333 0.600000
vt 0.066667 0.600000
vt 0.100000 0.600000
vt 0.133333 0.600000
vt 0.166667 0.600000
vt 0.200000 0.600000
vt 0.233333 0.600000
vt 0.266667 0.600000
vt 0.300000 0.600000
vt 0.333333 0.600000
vt 0.366667 0.600000
vt 0.400000 0.600000
vt 0.433333 0.600000
vt 0.466667 0.600000
vt 0.500000 0.600000
vt 0.533333 0.600000
vt 0.566667 0.600000
vt 0.600000 0.600000
vt 0.633333 0.600000
vt 0.666667 0.600000
vt 0.700000 0.600000
vt 0.733334 0.600000
vt 0.766667 0.600000
vt 0.800000 0.600000
vt 0.833334 0.600000
vt 0.866667 0.600000
vt 0.900000 0.600000
vt 0.933334 0.600000
vt 0.966667 0.600000
vt 1.000000 0.600000
vt 0.000000 0.650000
vt 0.033333 0.650000
vt 0.066667 0.650000
vt 0.100000 0.650000
vt 0.133333 0.650000
vt 0.166667 0.650000
vt 0.200000 0.650000
vt 0.233333 0.650000
vt 0.266667 0.650000
vt 0.300000 0.650000
vt 0.333333 0.650000
vt 0.366667 0.650000
vt 0.400000 0.650000
vt 0.433333 0.650000
vt 0.466667 0.650000
vt 0.500000 0.650000
vt 0.533333 0.650000
vt 0.566667 0.650000
vt 0.600000 0.650000
vt 0.633333 0.650000
vt 0.666667 0.650000
vt 0.700000 0.650000
vt 0.733334 0.650000
vt 0.766667 0.650000
vt 0.800000 0.650000
vt 0.833334 0.650000
vt 0.866667 0.650000
vt 0.900000 0.650000
vt 0.933334 0.650000
vt 0.966667 0.650000
vt 1.000000 0.650000
vt 0.000000 0.700000
vt 0.033333 0.700000
vt 0.066667 0.700000
vt 0.100000 0.700000
vt 0.133333 0.700000
vt 0.166667 0.700000
vt 0.200000 0.700000
vt 0.233333 0.700000
vt 0.266667 0.700000
vt 0.300000 0.700000
vt 0.333333 0.700000
vt 0.366667 0.700000
vt 0.400000 0.700000
vt 0.433333 0.700000
vt 0.466667 0.700000
vt 0.500000 0.700000
vt 0.533333 0.700000
vt 0.566667 0.700000
vt 0.600000 0.700000
vt 0.633333 0.700000
vt 0.666667 0.700000
vt 0.700000 0.700000
vt 0.733334 0.700000
vt 0.766667 0.700000
vt 0.800000 0.700000
vt 0.833334 0.700000
vt 0.866667 0.700000
vt 0.900000 0.700000
vt 0.933334 0.700000
vt 0.966667 0.700000
vt 1.000000 0.700000
vt 0.000000 0.750000
vt 0.033333 0.750000
vt 0.066667 0.750000
vt 0.100000 0.750000
vt 0.133333 0.750000
vt 0.166667 0.750000
vt 0.200000 0.750000
vt 0.233333 0.750000
vt 0.266667 0.750000
vt 0.300000 0.750000
vt 0.333333 0.750000
vt 0.366667 0.750000
vt 0.400000 0.750000
vt 0.433333 0.750000
vt 0.466667 0.750000
vt 0.500000 0.750000
vt 0.533333 0.750000
vt 0.566667 0.750000
vt 0.600000 0.750000
vt 0.633333 0.750000
vt 0.666667 0.750000
vt 0.700000 0.750000
vt 0.733334 0.750000
vt 0.766667 0.750000
vt 0.800000 0.750000
vt 0.833334 0.750000
vt 0.866667 0.750000
vt 0.900000 0.750000
vt 0.933334 0.750000
vt 0.966667 0.750000
vt 1.000000 0.750000
vt 0.000000 0.800000
vt 0.033333 0.800000
vt 0.066667 0.800000
vt 0.100000 0.800000
vt 0.133333 0.800000
vt 0.166667 0.800000
vt 0.200000 0.800000
vt 0.233333 0.800000
vt 0.266667 0.800000
vt 0.300000 0.800000
vt 0.333333 0.800000
vt 0.366667 0.800000
vt 0.400000 0.800000
vt 0.433333 0.800000
vt 0.466667 0.800000
vt 0.500000 0.800000
vt 0.533333 0.800000
vt 0.566667 0.800000
vt 0.600000 0.800000
vt 0.633333 0.800000
vt 0.666667 0.800000
vt 0.700000 0.800000
vt 0.733334 0.800000
vt 0.766667 0.800000
vt 0.800000 0.800000
vt 0.833334 0.800000
vt 0.866667 0.800000
vt 0.900000 0.800000
vt 0.933334 0.800000
vt 0.966667 0.800000
vt 1.000000 0.800000
vt 0.000000 0.850000
vt 0.033333 0.850000
vt 0.066667 0.850000
vt 0.100000 0.850000
vt 0.133333 0.850000
vt 0.166667 0.850000
vt 0.200000 0.850000
vt 0.233333 0.850000
vt 0.266667 0.850000
vt 0.300000 0.850000
vt 0.333333 0.850000
vt 0.366667 0.850000
vt 0.400000 0.850000
vt 0.433333 0.850000
vt 0.466667 0.850000
vt 0.500000 0.850000
vt 0.533333 0.850000
vt 0.566667 0.850000
vt 0.600000 0.850000
vt 0.633333 0.850000
vt 0.666667 0.850000
vt 0.700000 0.850000
vt 0.733334 0.850000
vt 0.766667 0.850000
vt 0.800000 0.850000
vt 0.833334 0.850000
vt 0.866667 0.850000
vt 0.900000 0.850000
vt 0.933334 0.850000
vt 0.966667 0.850000
vt 1.000000 0.850000
vt 0.000000 0.900000
vt 0.033333 0.900000
vt 0.066667 0.900000
vt 0.100000 0.900000
vt 0.133333 0.900000
vt 0.166667 0.900000
vt 0.200000 0.900000
vt 0.233333 0.900000
vt 0.266667 0.900000
vt 0.300000 0.900000
vt 0.333333 0.900000
vt 0.366667 0.900000
vt 0.400000 0.900000
vt 0.433333 0.900000
vt 0.466667 0.900000
vt 0.500000 0.900000
vt 0.533333 0.900000
vt 0.566667 0.900000
vt 0.600000 0.900000
vt 0.633333 0.900000
vt 0.666667 0.900000
vt 0.700000 0.900000
vt 0.733334 0.900000
vt 0.766667 0.900000
vt 0.800000 0.900000
vt 0.833334 0.900000
vt 0.866667 0.900000
vt 0.900000 0.900000
vt 0.933334 0.900000
vt 0.966667 0.900000
vt 1.000000 0.900000
vt 0.000000 0.950000
vt 0.033333 0.950000
vt 0.066667 0.950000
vt 0.100000 0.950000
vt 0.133333 0.950000
vt 0.166667 0.950000
vt 0.200000 0.950000
vt 0.233333 0.950000
vt 0.266667 0.950000
vt 0.300000 0.950000
vt 0.333333 0.950000
vt 0.366667 0.950000
vt 0.400000 0.950000
vt 0.433333 0.950000
vt 0.466667 0.950000
vt 0.500000 0.950000
vt 0.533333 0.950000
vt 0.566667 0.950000
vt 0.600000 0.950000
vt 0.633333 0.950000
vt 0.666667 0.950000
vt 0.700000 0.950000
vt 0.733334 0.950000
vt 0.766667 0.950000
vt 0.800000 0.950000
vt 0.833334 0.950000
vt 0.866667 0.950000
vt 0.900000 0.950000
vt 0.933334 0.950000
vt 0.966667 0.950000
vt 1.000000 0.950000
vt 0.016667 0.000000
vt 0.050000 0.000000
vt 0.083333 0.000000
vt 0.116667 0.000000
vt 0.150000 0.000000
vt 0.183333 0.000000
vt 0.216667 0.000000
vt 0.250000 0.000000
vt 0.283333 0.000000
vt 0.316667 0.000000
vt 0.350000 0.000000
vt 0.383333 0.000000
vt 0.416667 0.000000
vt 0.450000 0.000000
vt 0.483333 0.000000
vt 0.516667 0.000000
vt 0.550000 0.000000
vt 0.583333 0.000000
vt 0.616667 0.000000
vt 0.650000 0.000000
vt 0.683333 0.000000
vt 0.716667 0.000000
vt 0.750000 0.000000
vt 0.783333 0.000000
vt 0.816667 0.000000
vt 0.850000 0.000000
vt 0.883333 0.000000
vt 0.916667 0.000000
vt 0.950000 0.000000
vt 0.983333 0.000000
vt 0.016667 1.000000
vt 0.050000 1.000000
vt 0.083333 1.000000
vt 0.116667 1.000000
vt 0.150000 1.000000
vt 0.183333 1.000000
vt 0.216667 1.000000
vt 0.250000 1.000000
vt 0.283333 1.000000
vt 0.316667 1.000000
vt 0.350000 1.000000
vt 0.383333 1.000000
vt 0.416667 1.000000
vt 0.450000 1.000000
vt 0.483333 1.000000
vt 0.516667 1.000000
vt 0.550000 1.000000
vt 0.583333 1.000000
vt 0.616667 1.000000
vt 0.650000 1.000000
vt 0.683333 1.000000
vt 0.716667 1.000000
vt 0.750000 1.000000
vt 0.783333 1.000000
vt 0.816667 1.000000
vt 0.850000 1.000000
vt 0.883333 1.000000
vt 0.916667 1.000000
vt 0.950000 1.000000
vt 0.983333 1.000000
vn 0.162501 -0.986155 -0.033055
vn 0.152077 -0.986155 -0.066118
vn 0.311348 -0.948133 -0.064082
vn 0.291220 -0.948133 -0.127416
vn 0.135007 -0.986155 -0.096290
vn 0.258365 -0.948133 -0.185180
vn 0.112037 -0.986155 -0.122256
vn 0.214218 -0.948133 -0.234851
vn 0.084170 -0.986155 -0.142879
vn 0.160709 -0.948133 -0.274257
vn 0.052624 -0.986155 -0.157257
vn 0.100176 -0.948133 -0.301677
vn 0.018778 -0.986155 -0.164762
vn 0.035265 -0.948133 -0.315911
vn -0.015888 -0.986155 -0.165065
vn -0.031188 -0.948133 -0.316340
vn -0.049860 -0.986155 -0.158155
vn -0.096277 -0.948133 -0.302943
vn -0.081652 -0.986155 -0.144333
vn -0.157159 -0.948133 -0.276306
vn -0.109876 -0.986155 -0.124202
vn -0.211172 -0.948133 -0.237593
vn -0.133298 -0.986155 -0.098643
vn -0.255956 -0.948133 -0.188496
vn -0.150895 -0.986155 -0.068774
vn -0.289553 -0.948133 -0.131160
vn -0.161896 -0.986155 -0.035898
vn -0.310495 -0.948133 -0.068093
vn -0.165822 -0.986155 -0.001453
vn -0.317868 -0.948133 -0.002050
vn -0.162500 -0.986155 0.033055
vn -0.311347 -0.948133 0.064084
vn -0.152077 -0.986155 0.066118
vn -0.291220 -0.948133 0.127417
vn -0.135007 -0.986155 0.096291
vn -0.258365 -0.948133 0.185180
vn -0.112037 -0.986155 0.122256
vn -0.214218 -0.948133 0.234851
vn -0.084170 -0.986155 0.142879
vn -0.160709 -0.948133 0.274257
vn -0.052624 -0.986155 0.157257
vn -0.100176 -0.948133 0.301676
vn -0.018779 -0.986155 0.164761
vn -0.035265 -0.948133 0.315912
vn 0.015888 -0.986155 0.165065
vn 0.031188 -0.948133 0.316341
vn 0.049860 -0.986155 0.158155
vn 0.096277 -0.948133 0.302943
vn 0.081652 -0.986155 0.144333
vn 0.157159 -0.948133 0.276306
vn 0.109877 -0.986155 0.124202
vn 0.211172 -0.948133 0.237593
vn 0.133299 -0.986155 0.098643
vn 0.255956 -0.948133 0.188496
vn 0.150895 -0.986155 0.068773
vn 0.289553 -0.948133 0.131160
vn 0.161896 -0.986155 0.035898
vn 0.310495 -0.948133 0.068093
vn 0.165822 -0.986155 0.001453
vn 0.317868 -0.948133 0.002051
vn 0.452109 -0.887049 -0.093497
vn 0.422790 -0.887049 -0.185454
vn 0.374993 -0.887049 -0.269304
vn 0.310807 -0.887049 -0.341384
vn 0.233038 -0.887049 -0.398545
vn 0.145083 -0.887049 -0.438287
vn 0.050788 -0.887049 -0.458874
vn -0.045727 -0.887049 -0.459406
vn -0.140244 -0.887049 -0.439859
vn -0.228631 -0.887049 -0.401089
vn -0.307026 -0.887049 -0.344789
vn -0.372003 -0.887049 -0.273420
vn -0.420721 -0.887049 -0.190102
vn -0.451051 -0.887049 -0.098475
vn -0.461669 -0.887049 -0.002544
vn -0.452109 -0.887049 0.093498
vn -0.422790 -0.887049 0.185454
vn -0.374993 -0.887049 0.269304
vn -0.310807 -0.887049 0.341385
vn -0.233038 -0.887049 0.398545
vn -0.145083 -0.887049 0.438287
vn -0.050788 -0.887049 0.458874
vn 0.045728 -0.887049 0.459406
vn 0.140244 -0.887049 0.439859
vn 0.228632 -0.887049 0.401089
vn 0.307026 -0.887049 0.344789
vn 0.372003 -0.887049 0.273421
vn 0.420721 -0.887049 0.190102
vn 0.451052 -0.887049 0.098474
vn 0.461669 -0.887049 0.002545
vn 0.581590 -0.804466 -0.120778
vn 0.543769 -0.804466 -0.239059
vn 0.482184 -0.804466 -0.346891
vn 0.399524 -0.804466 -0.439562
vn 0.299404 -0.804466 -0.513022
vn 0.186198 -0.804466 -0.564061
vn 0.064854 -0.804466 -0.590447
vn -0.059324 -0.804466 -0.591029
vn -0.180910 -0.804466 -0.565779
vn -0.294589 -0.804466 -0.515802
vn -0.395393 -0.804466 -0.443282
vn -0.478916 -0.804466 -0.351389
vn -0.541508 -0.804466 -0.244138
vn -0.580434 -0.804466 -0.126217
vn -0.593992 -0.804466 -0.002780
vn -0.581590 -0.804466 0.120779
vn -0.543770 -0.804466 0.239059
vn -0.482184 -0.804466 0.346891
vn -0.399524 -0.804466 0.439562
vn -0.299404 -0.804466 0.513023
vn -0.186197 -0.804466 0.564062
vn -0.064854 -0.804466 0.590448
vn 0.059325 -0.804466 0.591029
vn 0.180910 -0.804466 0.565779
vn 0.294589 -0.804466 0.515802
vn 0.395393 -0.804466 0.443282
vn 0.478916 -0.804466 0.351389
vn 0.541508 -0.804466 0.244138
vn 0.580434 -0.804466 0.126217
vn 0.593993 -0.804466 0.002781
vn 0.696769 -0.702427 -0.145291
vn 0.651334 -0.702427 -0.286984
vn 0.577434 -0.702427 -0.416133
vn 0.478296 -0.702427 -0.527094
vn 0.358256 -0.702427 -0.615019
vn 0.222557 -0.702427 -0.676065
vn 0.077132 -0.702427 -0.707564
vn -0.071664 -0.702427 -0.708139
vn -0.217329 -0.702427 -0.677764
vn -0.353495 -0.702427 -0.617768
vn -0.474211 -0.702427 -0.530773
vn -0.574203 -0.702427 -0.420580
vn -0.649098 -0.702427 -0.292006
vn -0.695625 -0.702427 -0.150670
vn -0.711750 -0.702427 -0.002749
vn -0.696768 -0.702427 0.145293
vn -0.651334 -0.702427 0.286984
vn -0.577434 -0.702427 0.416133
vn -0.478296 -0.702427 0.527095
vn -0.358256 -0.702427 0.615020
vn -0.222557 -0.702427 0.676066
vn -0.077132 -0.702427 0.707564
vn 0.071665 -0.702427 0.708139
vn 0.217329 -0.702427 0.677764
vn 0.353495 -0.702427 0.617768
vn 0.474212 -0.702427 0.530773
vn 0.574203 -0.702427 0.420580
vn 0.649098 -0.702427 0.292006
vn 0.695626 -0.702427 0.150670
vn 0.711751 -0.702427 0.002750
vn 0.794934 -0.583422 -0.166429
vn 0.742959 -0.583422 -0.328070
vn 0.658515 -0.583422 -0.475371
vn 0.545290 -0.583422 -0.601895
vn 0.408232 -0.583422 -0.702115
vn 0.253334 -0.583422 -0.771648
vn 0.087363 -0.583422 -0.807457
vn -0.082426 -0.583422 -0.807976
vn -0.248612 -0.583422 -0.773182
vn -0.403933 -0.583422 -0.704597
vn -0.541600 -0.583422 -0.605218
vn -0.655597 -0.583422 -0.479387
vn -0.740940 -0.583422 -0.332605
vn -0.793902 -0.583422 -0.171287
vn -0.812166 -0.583422 -0.002482
vn -0.794934 -0.583422 0.166431
vn -0.742960 -0.583422 0.328070
vn -0.658515 -0.583422 0.475371
vn -0.545290 -0.583422 0.601895
vn -0.408232 -0.583422 0.702115
vn -0.253334 -0.583422 0.771648
vn -0.087363 -0.583422 0.807457
vn 0.082426 -0.583422 0.807976
vn 0.248612 -0.583422 0.773182
vn 0.403933 -0.583422 0.704597
vn 0.541600 -0.583422 0.605218
vn 0.655597 -0.583422 0.479387
vn 0.740940 -0.583422 0.332605
vn 0.793902 -0.583422 0.171287
vn 0.812166 -0.583422 0.002484
vn 0.873767 -0.450338 -0.183651
vn 0.816489 -0.450338 -0.361306
vn 0.723527 -0.450338 -0.523168
vn 0.598943 -0.450338 -0.662165
vn 0.448183 -0.450338 -0.772223
vn 0.277835 -0.450338 -0.848530
vn 0.095344 -0.450338 -0.887753
vn -0.091314 -0.450338 -0.888177
vn -0.273980 -0.450338 -0.849783
vn -0.444673 -0.450338 -0.774249
vn -0.595931 -0.450338 -0.664877
vn -0.721145 -0.450338 -0.526447
vn -0.814840 -0.450338 -0.365008
vn -0.872924 -0.450338 -0.187617
vn -0.892856 -0.450338 -0.002026
vn -0.873766 -0.450337 0.183653
vn -0.816489 -0.450338 0.361306
vn -0.723527 -0.450338 0.523168
vn -0.598943 -0.450338 0.662165
vn -0.448183 -0.450338 0.772223
vn -0.277835 -0.450337 0.848530
vn -0.095344 -0.450337 0.887753
vn 0.091314 -0.450337 0.888177
vn 0.273980 -0.450338 0.849783
vn 0.444673 -0.450337 0.774249
vn 0.595932 -0.450338 0.664877
vn 0.721145 -0.450337 0.526447
vn 0.814841 -0.450337 0.365008
vn 0.872924 -0.450337 0.187617
vn 0.892856 -0.450337 0.002029
vn 0.931400 -0.306394 -0.196512
vn 0.870189 -0.306394 -0.385869
vn 0.770947 -0.306394 -0.558359
vn 0.638010 -0.306394 -0.706446
vn 0.477190 -0.306394 -0.823658
vn 0.295514 -0.306394 -0.904873
vn 0.100922 -0.306394 -0.946540
vn -0.098080 -0.306393 -0.946839
vn -0.292795 -0.306394 -0.905756
vn -0.474715 -0.306394 -0.825087
vn -0.635886 -0.306393 -0.708359
vn -0.769267 -0.306394 -0.560671
vn -0.869026 -0.306394 -0.388480
vn -0.930806 -0.306393 -0.199310
vn -0.951904 -0.306394 -0.001429
vn -0.931400 -0.306393 0.196514
vn -0.870189 -0.306394 0.385869
vn -0.770946 -0.306394 0.558359
vn -0.638010 -0.306394 0.706446
vn -0.477189 -0.306394 0.823659
vn -0.295513 -0.306393 0.904873
vn -0.100922 -0.306393 0.946540
vn 0.098080 -0.306393 0.946839
vn 0.292796 -0.306393 0.905756
vn 0.474715 -0.306393 0.825087
vn 0.635886 -0.306394 0.708359
vn 0.769266 -0.306393 0.560671
vn 0.869026 -0.306393 0.388480
vn 0.930805 -0.306394 0.199309
vn 0.951904 -0.306394 0.001431
vn 0.966470 -0.155065 -0.204673
vn 0.902795 -0.155065 -0.401143
vn 0.799665 -0.155065 -0.580078
vn 0.661585 -0.155065 -0.733662
vn 0.494591 -0.155065 -0.855181
vn 0.305981 -0.155065 -0.939325
vn 0.103998 -0.155065 -0.982415
vn -0.102530 -0.155065 -0.982569
vn -0.304577 -0.155065 -0.939781
vn -0.493313 -0.155065 -0.855919
vn -0.660489 -0.155065 -0.734649
vn -0.798797 -0.155065 -0.581272
vn -0.902195 -0.155065 -0.402491
vn -0.966163 -0.155065 -0.206118
vn -0.987904 -0.155065 -0.000738
vn -0.966469 -0.155065 0.204675
vn -0.902795 -0.155065 0.401143
vn -0.799665 -0.155065 0.580078
vn -0.661585 -0.155065 0.733662
vn -0.494591 -0.155065 0.855181
vn -0.305981 -0.155065 0.939325
vn -0.103998 -0.155065 0.982415
vn 0.102530 -0.155065 0.982569
vn 0.304578 -0.155065 0.939781
vn 0.493313 -0.155065 0.855919
vn 0.660489 -0.155065 0.734649
vn 0.798798 -0.155065 0.581272
vn 0.902195 -0.155065 0.402491
vn 0.966163 -0.155065 0.206118
vn 0.987904 -0.155065 0.000740
vn 0.978148 0.000000 -0.207909
vn 0.913545 0.000000 -0.406737
vn 0.809017 -0.000000 -0.587785
vn 0.669131 -0.000000 -0.743145
vn 0.500000 0.000000 -0.866025
vn 0.309017 -0.000000 -0.951057
vn 0.104529 -0.000000 -0.994522
vn -0.104529 -0.000000 -0.994522
vn -0.309017 0.000000 -0.951057
vn -0.500000 -0.000000 -0.866025
vn -0.669131 0.000000 -0.743145
vn -0.809017 -0.000000 -0.587785
vn -0.913546 0.000000 -0.406737
vn -0.978148 -0.000000 -0.207912
vn -1.000000 0.000000 0.000000
vn -0.978148 -0.000000 0.207912
vn -0.913545 0.000000 0.406737
vn -0.809017 -0.000000 0.587785
vn -0.669131 -0.000000 0.743145
vn -0.500000 -0.000000 0.866026
vn -0.309017 -0.000000 0.951057
vn -0.104528 0.000000 0.994522
vn 0.104529 0.000000 0.994522
vn 0.309017 0.000000 0.951057
vn 0.500000 0.000000 0.866025
vn 0.669131 0.000000 0.743145
vn 0.809017 -0.000000 0.587785
vn 0.913545 0.000000 0.406737
vn 0.978148 0.000000 0.207911
vn 1.000000 -0.000000 0.000002
vn 0.966163 0.155065 -0.206116
vn 0.902195 0.155065 -0.402491
vn 0.798798 0.155065 -0.581272
vn 0.660489 0.155065 -0.734649
vn 0.493313 0.155065 -0.855919
vn 0.304578 0.155065 -0.939781
vn 0.102531 0.155065 -0.982569
vn -0.103998 0.155065 -0.982415
vn -0.305981 0.155065 -0.939325
vn -0.494591 0.155065 -0.855181
vn -0.661585 0.155065 -0.733662
vn -0.799665 0.155064 -0.580078
vn -0.902795 0.155065 -0.401143
vn -0.966469 0.155065 -0.204675
vn -0.987904 0.155065 0.000738
vn -0.966163 0.155065 0.206119
vn -0.902195 0.155065 0.402491
vn -0.798798 0.155064 0.581272
vn -0.660488 0.155065 0.734650
vn -0.493313 0.155065 0.855919
vn -0.304577 0.155065 0.939781
vn -0.102530 0.155065 0.982569
vn 0.103998 0.155065 0.982415
vn 0.305981 0.155065 0.939325
vn 0.494591 0.155065 0.855181
vn 0.661585 0.155065 0.733662
vn 0.799665 0.155065 0.580079
vn 0.902795 0.155065 0.401143
vn 0.966469 0.155064 0.204675
vn 0.987904 0.155064 -0.000736
vn 0.930806 0.306394 -0.199308
vn 0.869026 0.306394 -0.388480
vn 0.769266 0.306393 -0.560671
vn 0.635886 0.306394 -0.708359
vn 0.474714 0.306394 -0.825087
vn 0.292796 0.306394 -0.905756
vn 0.098080 0.306394 -0.946839
vn -0.100922 0.306393 -0.946540
vn -0.295513 0.306394 -0.904873
vn -0.477190 0.306393 -0.823658
vn -0.638010 0.306394 -0.706446
vn -0.770946 0.306394 -0.558359
vn -0.870189 0.306394 -0.385869
vn -0.931400 0.306393 -0.196514
vn -0.951904 0.306394 0.001429
vn -0.930805 0.306394 0.199310
vn -0.869026 0.306393 0.388480
vn -0.769267 0.306393 0.560671
vn -0.635886 0.306394 0.708359
vn -0.474714 0.306393 0.825087
vn -0.292795 0.306393 0.905756
vn -0.098080 0.306393 0.946839
vn 0.100922 0.306393 0.946540
vn 0.295514 0.306393 0.904873
vn 0.477190 0.306393 0.823659
vn 0.638010 0.306393 0.706446
vn 0.770947 0.306393 0.558359
vn 0.870189 0.306394 0.385869
vn 0.931400 0.306394 0.196514
vn 0.951904 0.306393 -0.001427
vn 0.872924 0.450338 -0.187615
vn 0.814840 0.450338 -0.365009
vn 0.721145 0.450338 -0.526447
vn 0.595932 0.450338 -0.664877
vn 0.444673 0.450338 -0.774249
vn 0.273981 0.450338 -0.849783
vn 0.091314 0.450338 -0.888177
vn -0.095344 0.450338 -0.887753
vn -0.277835 0.450338 -0.848530
vn -0.448183 0.450338 -0.772223
vn -0.598943 0.450338 -0.662165
vn -0.723527 0.450338 -0.523168
vn -0.816489 0.450337 -0.361306
vn -0.873766 0.450337 -0.183653
vn -0.892856 0.450338 0.002027
vn -0.872924 0.450337 0.187617
vn -0.814840 0.450338 0.365009
vn -0.721145 0.450338 0.526447
vn -0.595931 0.450338 0.664877
vn -0.444673 0.450338 0.774249
vn -0.273980 0.450337 0.849783
vn -0.091314 0.450338 0.888177
vn 0.095344 0.450338 0.887753
vn 0.277835 0.450338 0.848530
vn 0.448183 0.450338 0.772223
vn 0.598943 0.450337 0.662165
vn 0.723527 0.450337 0.523168
vn 0.816489 0.450338 0.361306
vn 0.873767 0.450337 0.183653
vn 0.892856 0.450337 -0.002024
vn 0.793902 0.583422 -0.171285
vn 0.740940 0.583422 -0.332605
vn 0.655597 0.583422 -0.479387
vn 0.541600 0.583422 -0.605218
vn 0.403933 0.583422 -0.704597
vn 0.248612 0.583422 -0.773182
vn 0.082426 0.583422 -0.807976
vn -0.087363 0.583422 -0.807457
vn -0.253333 0.583422 -0.771648
vn -0.408233 0.583422 -0.702115
vn -0.545290 0.583422 -0.601895
vn -0.658515 0.583422 -0.475371
vn -0.742960 0.583422 -0.328070
vn -0.794934 0.583422 -0.166431
vn -0.812166 0.583422 0.002482
vn -0.793902 0.583422 0.171287
vn -0.740940 0.583422 0.332605
vn -0.655597 0.583422 0.479387
vn -0.541600 0.583422 0.605218
vn -0.403933 0.583422 0.704597
vn -0.248612 0.583422 0.773183
vn -0.082425 0.583422 0.807976
vn 0.087363 0.583422 0.807457
vn 0.253334 0.583422 0.771648
vn 0.408232 0.583422 0.702115
vn 0.545290 0.583422 0.601896
vn 0.658515 0.583422 0.475371
vn 0.742960 0.583422 0.328070
vn 0.794934 0.583422 0.166431
vn 0.812166 0.583422 -0.002480
vn 0.695625 0.702428 -0.150668
vn 0.649098 0.702427 -0.292006
vn 0.574203 0.702427 -0.420580
vn 0.474211 0.702427 -0.530772
vn 0.353495 0.702427 -0.617768
vn 0.217329 0.702427 -0.677764
vn 0.071665 0.702427 -0.708139
vn -0.077132 0.702427 -0.707564
vn -0.222557 0.702427 -0.676065
vn -0.358256 0.702427 -0.615020
vn -0.478297 0.702427 -0.527094
vn -0.577434 0.702427 -0.416133
vn -0.651334 0.702427 -0.286984
vn -0.696768 0.702427 -0.145293
vn -0.711750 0.702427 0.002749
vn -0.695626 0.702427 0.150670
vn -0.649098 0.702427 0.292006
vn -0.574203 0.702427 0.420580
vn -0.474211 0.702427 0.530773
vn -0.353495 0.702427 0.617768
vn -0.217329 0.702427 0.677764
vn -0.071665 0.702427 0.708139
vn 0.077132 0.702427 0.707564
vn 0.222557 0.702427 0.676066
vn 0.358256 0.702427 0.615020
vn 0.478297 0.702427 0.527094
vn 0.577434 0.702427 0.416133
vn 0.651334 0.702427 0.286984
vn 0.696769 0.702427 0.145293
vn 0.711750 0.702427 -0.002747
vn 0.580434 0.804466 -0.126216
vn 0.541508 0.804466 -0.244138
vn 0.478916 0.804466 -0.351389
vn 0.395392 0.804466 -0.443282
vn 0.294589 0.804466 -0.515802
vn 0.180910 0.804466 -0.565779
vn 0.059324 0.804466 -0.591029
vn -0.064854 0.804466 -0.590448
vn -0.186197 0.804466 -0.564061
vn -0.299404 0.804466 -0.513022
vn -0.399524 0.804466 -0.439562
vn -0.482184 0.804466 -0.346891
vn -0.543770 0.804466 -0.239059
vn -0.581590 0.804466 -0.120779
vn -0.593992 0.804466 0.002780
vn -0.580434 0.804466 0.126217
vn -0.541508 0.804466 0.244138
vn -0.478916 0.804466 0.351389
vn -0.395393 0.804466 0.443282
vn -0.294589 0.804466 0.515802
vn -0.180910 0.804466 0.565779
vn -0.059325 0.804466 0.591029
vn 0.064854 0.804466 0.590448
vn 0.186198 0.804466 0.564061
vn 0.299404 0.804466 0.513022
vn 0.399525 0.804466 0.439562
vn 0.482184 0.804466 0.346891
vn 0.543770 0.804466 0.239059
vn 0.581590 0.804466 0.120779
vn 0.593992 0.804466 -0.002778
vn 0.451051 0.887049 -0.098474
vn 0.420721 0.887049 -0.190102
vn 0.372003 0.887049 -0.273420
vn 0.307026 0.887049 -0.344789
vn 0.228631 0.887049 -0.401089
vn 0.140244 0.887049 -0.439859
vn 0.045728 0.887049 -0.459406
vn -0.050787 0.887049 -0.458874
vn -0.145083 0.887049 -0.438287
vn -0.233038 0.887049 -0.398545
vn -0.310807 0.887049 -0.341384
vn -0.374993 0.887049 -0.269304
vn -0.422790 0.887049 -0.185453
vn -0.452109 0.887049 -0.093498
vn -0.461669 0.887049 0.002544
vn -0.451051 0.887049 0.098475
vn -0.420721 0.887049 0.190102
vn -0.372003 0.887049 0.273420
vn -0.307026 0.887049 0.344789
vn -0.228631 0.887049 0.401089
vn -0.140244 0.887049 0.439860
vn -0.045728 0.887049 0.459406
vn 0.050788 0.887049 0.458874
vn 0.145083 0.887049 0.438287
vn 0.233038 0.887048 0.398545
vn 0.310807 0.887049 0.341385
vn 0.374993 0.887049 0.269304
vn 0.422790 0.887049 0.185454
vn 0.452109 0.887049 0.093498
vn 0.461669 0.887049 -0.002543
vn 0.310495 0.948133 -0.068093
vn 0.289553 0.948133 -0.131160
vn 0.255955 0.948133 -0.188496
vn 0.211172 0.948133 -0.237593
vn 0.157159 0.948133 -0.276306
vn 0.096277 0.948133 -0.302943
vn 0.031188 0.948133 -0.316340
vn -0.035264 0.948133 -0.315912
vn -0.100176 0.948133 -0.301677
vn -0.160709 0.948133 -0.274257
vn -0.214218 0.948133 -0.234851
vn -0.258365 0.948133 -0.185180
vn -0.291220 0.948133 -0.127416
vn -0.311348 0.948133 -0.064085
vn -0.317868 0.948133 0.002050
vn -0.310495 0.948133 0.068093
vn -0.289553 0.948133 0.131160
vn -0.255956 0.948133 0.188496
vn -0.211172 0.948133 0.237593
vn -0.157159 0.948133 0.276306
vn -0.096277 0.948133 0.302943
vn -0.031188 0.948133 0.316340
vn 0.035265 0.948133 0.315912
vn 0.100176 0.948133 0.301677
vn 0.160709 0.948133 0.274255
vn 0.214218 0.948133 0.234849
vn 0.258365 0.948133 0.185180
vn 0.291220 0.948133 0.127417
vn 0.311348 0.948133 0.064084
vn 0.317868 0.948133 -0.002049
vn 0.161896 0.986155 -0.035898
vn 0.150895 0.986155 -0.068773
vn 0.133298 0.986155 -0.098642
vn 0.109876 0.986155 -0.124202
vn 0.081652 0.986155 -0.144332
vn 0.049860 0.986155 -0.158154
vn 0.015888 0.986155 -0.165065
vn -0.018778 0.986155 -0.164761
vn -0.052624 0.986155 -0.157256
vn -0.084170 0.986155 -0.142879
vn -0.112037 0.986155 -0.122256
vn -0.135007 0.986155 -0.096290
vn -0.152077 0.986155 -0.066118
vn -0.162500 0.986155 -0.033055
vn -0.165822 0.986155 0.001454
vn -0.161896 0.986155 0.035898
vn -0.150895 0.986155 0.068774
vn -0.133299 0.986155 0.098643
vn -0.109876 0.986155 0.124202
vn -0.081652 0.986155 0.144332
vn -0.049860 0.986155 0.158155
vn -0.015888 0.986155 0.165065
vn 0.018779 0.986155 0.164761
vn 0.052624 0.986155 0.157257
vn 0.084170 0.986154 0.142880
vn 0.112037 0.986154 0.122258
vn 0.135007 0.986155 0.096292
vn 0.152077 0.986155 0.066117
vn 0.162501 0.986155 0.033054
vn 0.165822 0.986155 -0.001453
vn -0.000000 -1.000000 -0.000000
vn -0.000000 1.000000 -0.000000
# s 1
# usemtl blinn1SG
f 1/1/1 2/2/2 31/32/3
f 31/32/3 2/2/2 32/33/4
f 2/2/2 3/3/5 32/33/4
f 32/33/4 3/3/5 33/34/6
f 3/3/5 4/4/7 33/34/6
f 33/34/6 4/4/7 34/35/8
f 4/4/7 5/5/9 34/35/8
f 34/35/8 5/5/9 35/36/10
f 5/5/9 6/6/11 35/36/10
f 35/36/10 6/6/11 36/37/12
f 6/6/11 7/7/13 36/37/12
f 36/37/12 7/7/13 37/38/14
f 7/7/13 8/8/15 37/38/14
f 37/38/14 8/8/15 38/39/16
f 8/8/15 9/9/17 38/39/16
f 38/39/16 9/9/17 39/40/18
f 9/9/17 10/10/19 39/40/18
f 39/40/18 10/10/19 40/41/20
f 10/10/19 11/11/21 40/41/20
f 40/41/20 11/11/21 41/42/22
f 11/11/21 12/12/23 41/42/22
f 41/42/22 12/12/23 42/43/24
f 12/12/23 13/13/25 42/43/24
f 42/43/24 13/13/25 43/44/26
f 13/13/25 14/14/27 43/44/26
f 43/44/26 14/14/27 44/45/28
f 14/14/27 15/15/29 44/45/28
f 44/45/28 15/15/29 45/46/30
f 15/15/29 16/16/31 45/46/30
f 45/46/30 16/16/31 46/47/32
f 16/16/31 17/17/33 46/47/32
f 46/47/32 17/17/33 47/48/34
f 17/17/33 18/18/35 47/48/34
f 47/48/34 18/18/35 48/49/36
f 18/18/35 19/19/37 48/49/36
f 48/49/36 19/19/37 49/50/38
f 19/19/37 20/20/39 49/50/38
f 49/50/38 20/20/39 50/51/40
f 20/20/39 21/21/41 50/51/40
f 50/51/40 21/21/41 51/52/42
f 21/21/41 22/22/43 51/52/42
f 51/52/42 22/22/43 52/53/44
f 22/22/43 23/23/45 52/53/44
f 52/53/44 23/23/45 53/54/46
f 23/23/45 24/24/47 53/54/46
f 53/54/46 24/24/47 54/55/48
f 24/24/47 25/25/49 54/55/48
f 54/55/48 25/25/49 55/56/50
f 25/25/49 26/26/51 55/56/50
f 55/56/50 26/26/51 56/57/52
f 26/26/51 27/27/53 56/57/52
f 56/57/52 27/27/53 57/58/54
f 27/27/53 28/28/55 57/58/54
f 57/58/54 28/28/55 58/59/56
f 28/28/55 29/29/57 58/59/56
f 58/59/56 29/29/57 59/60/58
f 29/29/57 30/30/59 59/60/58
f 59/60/58 30/30/59 60/61/60
f 30/30/59 1/31/1 60/61/60
f 60/61/60 1/31/1 31/62/3
f 31/32/3 32/33/4 61/63/61
f 61/63/61 32/33/4 62/64/62
f 32/33/4 33/34/6 62/64/62
f 62/64/62 33/34/6 63/65/63
f 33/34/6 34/35/8 63/65/63
f 63/65/63 34/35/8 64/66/64
f 34/35/8 35/36/10 64/66/64
f 64/66/64 35/36/10 65/67/65
f 35/36/10 36/37/12 65/67/65
f 65/67/65 36/37/12 66/68/66
f 36/37/12 37/38/14 66/68/66
f 66/68/66 37/38/14 67/69/67
f 37/38/14 38/39/16 67/69/67
f 67/69/67 38/39/16 68/70/68
f 38/39/16 39/40/18 68/70/68
f 68/70/68 39/40/18 69/71/69
f 39/40/18 40/41/20 69/71/69
f 69/71/69 40/41/20 70/72/70
f 40/41/20 41/42/22 70/72/70
f 70/72/70 41/42/22 71/73/71
f 41/42/22 42/43/24 71/73/71
f 71/73/71 42/43/24 72/74/72
f 42/43/24 43/44/26 72/74/72
f 72/74/72 43/44/26 73/75/73
f 43/44/26 44/45/28 73/75/73
f 73/75/73 44/45/28 74/76/74
f 44/45/28 45/46/30 74/76/74
f 74/76/74 45/46/30 75/77/75
f 45/46/30 46/47/32 75/77/75
f 75/77/75 46/47/32 76/78/76
f 46/47/32 47/48/34 76/78/76
f 76/78/76 47/48/34 77/79/77
f 47/48/34 48/49/36 77/79/77
f 77/79/77 48/49/36 78/80/78
f 48/49/36 49/50/38 78/80/78
f 78/80/78 49/50/38 79/81/79
f 49/50/38 50/51/40 79/81/79
f 79/81/79 50/51/40 80/82/80
f 50/51/40 51/52/42 80/82/80
f 80/82/80 51/52/42 81/83/81
f 51/52/42 52/53/44 81/83/81
f 81/83/81 52/53/44 82/84/82
f 52/53/44 53/54/46 82/84/82
f 82/84/82 53/54/46 83/85/83
f 53/54/46 54/55/48 83/85/83
f 83/85/83 54/55/48 84/86/84
f 54/55/48 55/56/50 84/86/84
f 84/86/84 55/56/50 85/87/85
f 55/56/50 56/57/52 85/87/85
f 85/87/85 56/57/52 86/88/86
f 56/57/52 57/58/54 86/88/86
f 86/88/86 57/58/54 87/89/87
f 57/58/54 58/59/56 87/89/87
f 87/89/87 58/59/56 88/90/88
f 58/59/56 59/60/58 88/90/88
f 88/90/88 59/60/58 89/91/89
f 59/60/58 60/61/60 89/91/89
f 89/91/89 60/61/60 90/92/90
f 60/61/60 31/62/3 90/92/90
f 90/92/90 31/62/3 61/93/61
f 61/63/61 62/64/62 91/94/91
f 91/94/91 62/64/62 92/95/92
f 62/64/62 63/65/63 92/95/92
f 92/95/92 63/65/63 93/96/93
f 63/65/63 64/66/64 93/96/93
f 93/96/93 64/66/64 94/97/94
f 64/66/64 65/67/65 94/97/94
f 94/97/94 65/67/65 95/98/95
f 65/67/65 66/68/66 95/98/95
f 95/98/95 66/68/66 96/99/96
f 66/68/66 67/69/67 96/99/96
f 96/99/96 67/69/67 97/100/97
f 67/69/67 68/70/68 97/100/97
f 97/100/97 68/70/68 98/101/98
f 68/70/68 69/71/69 98/101/98
f 98/101/98 69/71/69 99/102/99
f 69/71/69 70/72/70 99/102/99
f 99/102/99 70/72/70 100/103/100
f 70/72/70 71/73/71 100/103/100
f 100/103/100 71/73/71 101/104/101
f 71/73/71 72/74/72 101/104/101
f 101/104/101 72/74/72 102/105/102
f 72/74/72 73/75/73 102/105/102
f 102/105/102 73/75/73 103/106/103
f 73/75/73 74/76/74 103/106/103
f 103/106/103 74/76/74 104/107/104
f 74/76/74 75/77/75 104/107/104
f 104/107/104 75/77/75 105/108/105
f 75/77/75 76/78/76 105/108/105
f 105/108/105 76/78/76 106/109/106
f 76/78/76 77/79/77 106/109/106
f 106/109/106 77/79/77 107/110/107
f 77/79/77 78/80/78 107/110/107
f 107/110/107 78/80/78 108/111/108
f 78/80/78 79/81/79 108/111/108
f 108/111/108 79/81/79 109/112/109
f 79/81/79 80/82/80 109/112/109
f 109/112/109 80/82/80 110/113/110
f 80/82/80 81/83/81 110/113/110
f 110/113/110 81/83/81 111/114/111
f 81/83/81 82/84/82 111/114/111
f 111/114/111 82/84/82 112/115/112
f 82/84/82 83/85/83 112/115/112
f 112/115/112 83/85/83 113/116/113
f 83/85/83 84/86/84 113/116/113
f 113/116/113 84/86/84 114/117/114
f 84/86/84 85/87/85 114/117/114
f 114/117/114 85/87/85 115/118/115
f 85/87/85 86/88/86 115/118/115
f 115/118/115 86/88/86 116/119/116
f 86/88/86 87/89/87 116/119/116
f 116/119/116 87/89/87 117/120/117
f 87/89/87 88/90/88 117/120/117
f 117/120/117 88/90/88 118/121/118
f 88/90/88 89/91/89 118/121/118
f 118/121/118 89/91/89 119/122/119
f 89/91/89 90/92/90 119/122/119
f 119/122/119 90/92/90 120/123/120
f 90/92/90 61/93/61 120/123/120
f 120/123/120 61/93/61 91/124/91
f 91/94/91 92/95/92 121/125/121
f 121/125/121 92/95/92 122/126/122
f 92/95/92 93/96/93 122/126/122
f 122/126/122 93/96/93 123/127/123
f 93/96/93 94/97/94 123/127/123
f 123/127/123 94/97/94 124/128/124
f 94/97/94 95/98/95 124/128/124
f 124/128/124 95/98/95 125/129/125
f 95/98/95 96/99/96 125/129/125
f 125/129/125 96/99/96 126/130/126
f 96/99/96 97/100/97 126/130/126
f 126/130/126 97/100/97 127/131/127
f 97/100/97 98/101/98 127/131/127
f 127/131/127 98/101/98 128/132/128
f 98/101/98 99/102/99 128/132/128
f 128/132/128 99/102/99 129/133/129
f 99/102/99 100/103/100 129/133/129
f 129/133/129 100/103/100 130/134/130
f 100/103/100 101/104/101 130/134/130
f 130/134/130 101/104/101 131/135/131
f 101/104/101 102/105/102 131/135/131
f 131/135/131 102/105/102 132/136/132
f 102/105/102 103/106/103 132/136/132
f 132/136/132 103/106/103 133/137/133
f 103/106/103 104/107/104 133/137/133
f 133/137/133 104/107/104 134/138/134
f 104/107/104 105/108/105 134/138/134
f 134/138/134 105/108/105 135/139/135
f 105/108/105 106/109/106 135/139/135
f 135/139/135 106/109/106 136/140/136
f 106/109/106 107/110/107 136/140/136
f 136/140/136 107/110/107 137/141/137
f 107/110/107 108/111/108 137/141/137
f 137/141/137 108/111/108 138/142/138
f 108/111/108 109/112/109 138/142/138
f 138/142/138 109/112/109 139/143/139
f 109/112/109 110/113/110 139/143/139
f 139/143/139 110/113/110 140/144/140
f 110/113/110 111/114/111 140/144/140
f 140/144/140 111/114/111 141/145/141
f 111/114/111 112/115/112 141/145/141
f 141/145/141 112/115/112 142/146/142
f 112/115/112 113/116/113 142/146/142
f 142/146/142 113/116/113 143/147/143
f 113/116/113 114/117/114 143/147/143
f 143/147/143 114/117/114 144/148/144
f 114/117/114 115/118/115 144/148/144
f 144/148/144 115/118/115 145/149/145
f 115/118/115 116/119/116 145/149/145
f 145/149/145 116/119/116 146/150/146
f 116/119/116 117/120/117 146/150/146
f 146/150/146 117/120/117 147/151/147
f 117/120/117 118/121/118 147/151/147
f 147/151/147 118/121/118 148/152/148
f 118/121/118 119/122/119 148/152/148
f 148/152/148 119/122/119 149/153/149
f 119/122/119 120/123/120 149/153/149
f 149/153/149 120/123/120 150/154/150
f 120/123/120 91/124/91 150/154/150
f 150/154/150 91/124/91 121/155/121
f 121/125/121 122/126/122 151/156/151
f 151/156/151 122/126/122 152/157/152
f 122/126/122 123/127/123 152/157/152
f 152/157/152 123/127/123 153/158/153
f 123/127/123 124/128/124 153/158/153
f 153/158/153 124/128/124 154/159/154
f 124/128/124 125/129/125 154/159/154
f 154/159/154 125/129/125 155/160/155
f 125/129/125 126/130/126 155/160/155
f 155/160/155 126/130/126 156/161/156
f 126/130/126 127/131/127 156/161/156
f 156/161/156 127/131/127 157/162/157
f 127/131/127 128/132/128 157/162/157
f 157/162/157 128/132/128 158/163/158
f 128/132/128 129/133/129 158/163/158
f 158/163/158 129/133/129 159/164/159
f 129/133/129 130/134/130 159/164/159
f 159/164/159 130/134/130 160/165/160
f 130/134/130 131/135/131 160/165/160
f 160/165/160 131/135/131 161/166/161
f 131/135/131 132/136/132 161/166/161
f 161/166/161 132/136/132 162/167/162
f 132/136/132 133/137/133 162/167/162
f 162/167/162 133/137/133 163/168/163
f 133/137/133 134/138/134 163/168/163
f 163/168/163 134/138/134 164/169/164
f 134/138/134 135/139/135 164/169/164
f 164/169/164 135/139/135 165/170/165
f 135/139/135 136/140/136 165/170/165
f 165/170/165 136/140/136 166/171/166
f 136/140/136 137/141/137 166/171/166
f 166/171/166 137/141/137 167/172/167
f 137/141/137 138/142/138 167/172/167
f 167/172/167 138/142/138 168/173/168
f 138/142/138 139/143/139 168/173/168
f 168/173/168 139/143/139 169/174/169
f 139/143/139 140/144/140 169/174/169
f 169/174/169 140/144/140 170/175/170
f 140/144/140 141/145/141 170/175/170
f 170/175/170 141/145/141 171/176/171
f 141/145/141 142/146/142 171/176/171
f 171/176/171 142/146/142 172/177/172
f 142/146/142 143/147/143 172/177/172
f 172/177/172 143/147/143 173/178/173
f 143/147/143 144/148/144 173/178/173
f 173/178/173 144/148/144 174/179/174
f 144/148/144 145/149/145 174/179/174
f 174/179/174 145/149/145 175/180/175
f 145/149/145 146/150/146 175/180/175
f 175/180/175 146/150/146 176/181/176
f 146/150/146 147/151/147 176/181/176
f 176/181/176 147/151/147 177/182/177
f 147/151/147 148/152/148 177/182/177
f 177/182/177 148/152/148 178/183/178
f 148/152/148 149/153/149 178/183/178
f 178/183/178 149/153/149 179/184/179
f 149/153/149 150/154/150 179/184/179
f 179/184/179 150/154/150 180/185/180
f 150/154/150 121/155/121 180/185/180
f 180/185/180 121/155/121 151/186/151
f 151/156/151 152/157/152 181/187/181
f 181/187/181 152/157/152 182/188/182
f 152/157/152 153/158/153 182/188/182
f 182/188/182 153/158/153 183/189/183
f 153/158/153 154/159/154 183/189/183
f 183/189/183 154/159/154 184/190/184
f 154/159/154 155/160/155 184/190/184
f 184/190/184 155/160/155 185/191/185
f 155/160/155 156/161/156 185/191/185
f 185/191/185 156/161/156 186/192/186
f 156/161/156 157/162/157 186/192/186
f 186/192/186 157/162/157 187/193/187
f 157/162/157 158/163/158 187/193/187
f 187/193/187 158/163/158 188/194/188
f 158/163/158 159/164/159 188/194/188
f 188/194/188 159/164/159 189/195/189
f 159/164/159 160/165/160 189/195/189
f 189/195/189 160/165/160 190/196/190
f 160/165/160 161/166/161 190/196/190
f 190/196/190 161/166/161 191/197/191
f 161/166/161 162/167/162 191/197/191
f 191/197/191 162/167/162 192/198/192
f 162/167/162 163/168/163 192/198/192
f 192/198/192 163/168/163 193/199/193
f 163/168/163 164/169/164 193/199/193
f 193/199/193 164/169/164 194/200/194
f 164/169/164 165/170/165 194/200/194
f 194/200/194 165/170/165 195/201/195
f 165/170/165 166/171/166 195/201/195
f 195/201/195 166/171/166 196/202/196
f 166/171/166 167/172/167 196/202/196
f 196/202/196 167/172/167 197/203/197
f 167/172/167 168/173/168 197/203/197
f 197/203/197 168/173/168 198/204/198
f 168/173/168 169/174/169 198/204/198
f 198/204/198 169/174/169 199/205/199
f 169/174/169 170/175/170 199/205/199
f 199/205/199 170/175/170 200/206/200
f 170/175/170 171/176/171 200/206/200
f 200/206/200 171/176/171 201/207/201
f 171/176/171 172/177/172 201/207/201
f 201/207/201 172/177/172 202/208/202
f 172/177/172 173/178/173 202/208/202
f 202/208/202 173/178/173 203/209/203
f 173/178/173 174/179/174 203/209/203
f 203/209/203 174/179/174 204/210/204
f 174/179/174 175/180/175 204/210/204
f 204/210/204 175/180/175 205/211/205
f 175/180/175 176/181/176 205/211/205
f 205/211/205 176/181/176 206/212/206
f 176/181/176 177/182/177 206/212/206
f 206/212/206 177/182/177 207/213/207
f 177/182/177 178/183/178 207/213/207
f 207/213/207 178/183/178 208/214/208
f 178/183/178 179/184/179 208/214/208
f 208/214/208 179/184/179 209/215/209
f 179/184/179 180/185/180 209/215/209
f 209/215/209 180/185/180 210/216/210
f 180/185/180 151/186/151 210/216/210
f 210/216/210 151/186/151 181/217/181
f 181/187/181 182/188/182 211/218/211
f 211/218/211 182/188/182 212/219/212
f 182/188/182 183/189/183 212/219/212
f 212/219/212 183/189/183 213/220/213
f 183/189/183 184/190/184 213/220/213
f 213/220/213 184/190/184 214/221/214
f 184/190/184 185/191/185 214/221/214
f 214/221/214 185/191/185 215/222/215
f 185/191/185 186/192/186 215/222/215
f 215/222/215 186/192/186 216/223/216
f 186/192/186 187/193/187 216/223/216
f 216/223/216 187/193/187 217/224/217
f 187/193/187 188/194/188 217/224/217
f 217/224/217 188/194/188 218/225/218
f 188/194/188 189/195/189 218/225/218
f 218/225/218 189/195/189 219/226/219
f 189/195/189 190/196/190 219/226/219
f 219/226/219 190/196/190 220/227/220
f 190/196/190 191/197/191 220/227/220
f 220/227/220 191/197/191 221/228/221
f 191/197/191 192/198/192 221/228/221
f 221/228/221 192/198/192 222/229/222
f 192/198/192 193/199/193 222/229/222
f 222/229/222 193/199/193 223/230/223
f 193/199/193 194/200/194 223/230/223
f 223/230/223 194/200/194 224/231/224
f 194/200/194 195/201/195 224/231/224
f 224/231/224 195/201/195 225/232/225
f 195/201/195 196/202/196 225/232/225
f 225/232/225 196/202/196 226/233/226
f 196/202/196 197/203/197 226/233/226
f 226/233/226 197/203/197 227/234/227
f 197/203/197 198/204/198 227/234/227
f 227/234/227 198/204/198 228/235/228
f 198/204/198 199/205/199 228/235/228
f 228/235/228 199/205/199 229/236/229
f 199/205/199 200/206/200 229/236/229
f 229/236/229 200/206/200 230/237/230
f 200/206/200 201/207/201 230/237/230
f 230/237/230 201/207/201 231/238/231
f 201/207/201 202/208/202 231/238/231
f 231/238/231 202/208/202 232/239/232
f 202/208/202 203/209/203 232/239/232
f 232/239/232 203/209/203 233/240/233
f 203/209/203 204/210/204 233/240/233
f 233/240/233 204/210/204 234/241/234
f 204/210/204 205/211/205 234/241/234
f 234/241/234 205/211/205 235/242/235
f 205/211/205 206/212/206 235/242/235
f 235/242/235 206/212/206 236/243/236
f 206/212/206 207/213/207 236/243/236
f 236/243/236 207/213/207 237/244/237
f 207/213/207 208/214/208 237/244/237
f 237/244/237 208/214/208 238/245/238
f 208/214/208 209/215/209 238/245/238
f 238/245/238 209/215/209 239/246/239
f 209/215/209 210/216/210 239/246/239
f 239/246/239 210/216/210 240/247/240
f 210/216/210 181/217/181 240/247/240
f 240/247/240 181/217/181 211/248/211
f 211/218/211 212/219/212 241/249/241
f 241/249/241 212/219/212 242/250/242
f 212/219/212 213/220/213 242/250/242
f 242/250/242 213/220/213 243/251/243
f 213/220/213 214/221/214 243/251/243
f 243/251/243 214/221/214 244/252/244
f 214/221/214 215/222/215 244/252/244
f 244/252/244 215/222/215 245/253/245
f 215/222/215 216/223/216 245/253/245
f 245/253/245 216/223/216 246/254/246
f 216/223/216 217/224/217 246/254/246
f 246/254/246 217/224/217 247/255/247
f 217/224/217 218/225/218 247/255/247
f 247/255/247 218/225/218 248/256/248
f 218/225/218 219/226/219 248/256/248
f 248/256/248 219/226/219 249/257/249
f 219/226/219 220/227/220 249/257/249
f 249/257/249 220/227/220 250/258/250
f 220/227/220 221/228/221 250/258/250
f 250/258/250 221/228/221 251/259/251
f 221/228/221 222/229/222 251/259/251
f 251/259/251 222/229/222 252/260/252
f 222/229/222 223/230/223 252/260/252
f 252/260/252 223/230/223 253/261/253
f 223/230/223 224/231/224 253/261/253
f 253/261/253 224/231/224 254/262/254
f 224/231/224 225/232/225 254/262/254
f 254/262/254 225/232/225 255/263/255
f 225/232/225 226/233/226 255/263/255
f 255/263/255 226/233/226 256/264/256
f 226/233/226 227/234/227 256/264/256
f 256/264/256 227/234/227 257/265/257
f 227/234/227 228/235/228 257/265/257
f 257/265/257 228/235/228 258/266/258
f 228/235/228 229/236/229 258/266/258
f 258/266/258 229/236/229 259/267/259
f 229/236/229 230/237/230 259/267/259
f 259/267/259 230/237/230 260/268/260
f 230/237/230 231/238/231 260/268/260
f 260/268/260 231/238/231 261/269/261
f 231/238/231 232/239/232 261/269/261
f 261/269/261 232/239/232 262/270/262
f 232/239/232 233/240/233 262/270/262
f 262/270/262 233/240/233 263/271/263
f 233/240/233 234/241/234 263/271/263
f 263/271/263 234/241/234 264/272/264
f 234/241/234 235/242/235 264/272/264
f 264/272/264 235/242/235 265/273/265
f 235/242/235 236/243/236 265/273/265
f 265/273/265 236/243/236 266/274/266
f 236/243/236 237/244/237 266/274/266
f 266/274/266 237/244/237 267/275/267
f 237/244/237 238/245/238 267/275/267
f 267/275/267 238/245/238 268/276/268
f 238/245/238 239/246/239 268/276/268
f 268/276/268 239/246/239 269/277/269
f 239/246/239 240/247/240 269/277/269
f 269/277/269 240/247/240 270/278/270
f 240/247/240 211/248/211 270/278/270
f 270/278/270 211/248/211 241/279/241
f 241/249/241 242/250/242 271/280/271
f 271/280/271 242/250/242 272/281/272
f 242/250/242 243/251/243 272/281/272
f 272/281/272 243/251/243 273/282/273
f 243/251/243 244/252/244 273/282/273
f 273/282/273 244/252/244 274/283/274
f 244/252/244 245/253/245 274/283/274
f 274/283/274 245/253/245 275/284/275
f 245/253/245 246/254/246 275/284/275
f 275/284/275 246/254/246 276/285/276
f 246/254/246 247/255/247 276/285/276
f 276/285/276 247/255/247 277/286/277
f 247/255/247 248/256/248 277/286/277
f 277/286/277 248/256/248 278/287/278
f 248/256/248 249/257/249 278/287/278
f 278/287/278 249/257/249 279/288/279
f 249/257/249 250/258/250 279/288/279
f 279/288/279 250/258/250 280/289/280
f 250/258/250 251/259/251 280/289/280
f 280/289/280 251/259/251 281/290/281
f 251/259/251 252/260/252 281/290/281
f 281/290/281 252/260/252 282/291/282
f 252/260/252 253/261/253 282/291/282
f 282/291/282 253/261/253 283/292/283
f 253/261/253 254/262/254 283/292/283
f 283/292/283 254/262/254 284/293/284
f 254/262/254 255/263/255 284/293/284
f 284/293/284 255/263/255 285/294/285
f 255/263/255 256/264/256 285/294/285
f 285/294/285 256/264/256 286/295/286
f 256/264/256 257/265/257 286/295/286
f 286/295/286 257/265/257 287/296/287
f 257/265/257 258/266/258 287/296/287
f 287/296/287 258/266/258 288/297/288
f 258/266/258 259/267/259 288/297/288
f 288/297/288 259/267/259 289/298/289
f 259/267/259 260/268/260 289/298/289
f 289/298/289 260/268/260 290/299/290
f 260/268/260 261/269/261 290/299/290
f 290/299/290 261/269/261 291/300/291
f 261/269/261 262/270/262 291/300/291
f 291/300/291 262/270/262 292/301/292
f 262/270/262 263/271/263 292/301/292
f 292/301/292 263/271/263 293/302/293
f 263/271/263 264/272/264 293/302/293
f 293/302/293 264/272/264 294/303/294
f 264/272/264 265/273/265 294/303/294
f 294/303/294 265/273/265 295/304/295
f 265/273/265 266/274/266 295/304/295
f 295/304/295 266/274/266 296/305/296
f 266/274/266 267/275/267 296/305/296
f 296/305/296 267/275/267 297/306/297
f 267/275/267 268/276/268 297/306/297
f 297/306/297 268/276/268 298/307/298
f 268/276/268 269/277/269 298/307/298
f 298/307/298 269/277/269 299/308/299
f 269/277/269 270/278/270 299/308/299
f 299/308/299 270/278/270 300/309/300
f 270/278/270 241/279/241 300/309/300
f 300/309/300 241/279/241 271/310/271
f 271/280/271 272/281/272 301/311/301
f 301/311/301 272/281/272 302/312/302
f 272/281/272 273/282/273 302/312/302
f 302/312/302 273/282/273 303/313/303
f 273/282/273 274/283/274 303/313/303
f 303/313/303 274/283/274 304/314/304
f 274/283/274 275/284/275 304/314/304
f 304/314/304 275/284/275 305/315/305
f 275/284/275 276/285/276 305/315/305
f 305/315/305 276/285/276 306/316/306
f 276/285/276 277/286/277 306/316/306
f 306/316/306 277/286/277 307/317/307
f 277/286/277 278/287/278 307/317/307
f 307/317/307 278/287/278 308/318/308
f 278/287/278 279/288/279 308/318/308
f 308/318/308 279/288/279 309/319/309
f 279/288/279 280/289/280 309/319/309
f 309/319/309 280/289/280 310/320/310
f 280/289/280 281/290/281 310/320/310
f 310/320/310 281/290/281 311/321/311
f 281/290/281 282/291/282 311/321/311
f 311/321/311 282/291/282 312/322/312
f 282/291/282 283/292/283 312/322/312
f 312/322/312 283/292/283 313/323/313
f 283/292/283 284/293/284 313/323/313
f 313/323/313 284/293/284 314/324/314
f 284/293/284 285/294/285 314/324/314
f 314/324/314 285/294/285 315/325/315
f 285/294/285 286/295/286 315/325/315
f 315/325/315 286/295/286 316/326/316
f 286/295/286 287/296/287 316/326/316
f 316/326/316 287/296/287 317/327/317
f 287/296/287 288/297/288 317/327/317
f 317/327/317 288/297/288 318/328/318
f 288/297/288 289/298/289 318/328/318
f 318/328/318 289/298/289 319/329/319
f 289/298/289 290/299/290 319/329/319
f 319/329/319 290/299/290 320/330/320
f 290/299/290 291/300/291 320/330/320
f 320/330/320 291/300/291 321/331/321
f 291/300/291 292/301/292 321/331/321
f 321/331/321 292/301/292 322/332/322
f 292/301/292 293/302/293 322/332/322
f 322/332/322 293/302/293 323/333/323
f 293/302/293 294/303/294 323/333/323
f 323/333/323 294/303/294 324/334/324
f 294/303/294 295/304/295 324/334/324
f 324/334/324 295/304/295 325/335/325
f 295/304/295 296/305/296 325/335/325
f 325/335/325 296/305/296 326/336/326
f 296/305/296 297/306/297 326/336/326
f 326/336/326 297/306/297 327/337/327
f 297/306/297 298/307/298 327/337/327
f 327/337/327 298/307/298 328/338/328
f 298/307/298 299/308/299 328/338/328
f 328/338/328 299/308/299 329/339/329
f 299/308/299 300/309/300 329/339/329
f 329/339/329 300/309/300 330/340/330
f 300/309/300 271/310/271 330/340/330
f 330/340/330 271/310/271 301/341/301
f 301/311/301 302/312/302 331/342/331
f 331/342/331 302/312/302 332/343/332
f 302/312/302 303/313/303 332/343/332
f 332/343/332 303/313/303 333/344/333
f 303/313/303 304/314/304 333/344/333
f 333/344/333 304/314/304 334/345/334
f 304/314/304 305/315/305 334/345/334
f 334/345/334 305/315/305 335/346/335
f 305/315/305 306/316/306 335/346/335
f 335/346/335 306/316/306 336/347/336
f 306/316/306 307/317/307 336/347/336
f 336/347/336 307/317/307 337/348/337
f 307/317/307 308/318/308 337/348/337
f 337/348/337 308/318/308 338/349/338
f 308/318/308 309/319/309 338/349/338
f 338/349/338 309/319/309 339/350/339
f 309/319/309 310/320/310 339/350/339
f 339/350/339 310/320/310 340/351/340
f 310/320/310 311/321/311 340/351/340
f 340/351/340 311/321/311 341/352/341
f 311/321/311 312/322/312 341/352/341
f 341/352/341 312/322/312 342/353/342
f 312/322/312 313/323/313 342/353/342
f 342/353/342 313/323/313 343/354/343
f 313/323/313 314/324/314 343/354/343
f 343/354/343 314/324/314 344/355/344
f 314/324/314 315/325/315 344/355/344
f 344/355/344 315/325/315 345/356/345
f 315/325/315 316/326/316 345/356/345
f 345/356/345 316/326/316 346/357/346
f 316/326/316 317/327/317 346/357/346
f 346/357/346 317/327/317 347/358/347
f 317/327/317 318/328/318 347/358/347
f 347/358/347 318/328/318 348/359/348
f 318/328/318 319/329/319 348/359/348
f 348/359/348 319/329/319 349/360/349
f 319/329/319 320/330/320 349/360/349
f 349/360/349 320/330/320 350/361/350
f 320/330/320 321/331/321 350/361/350
f 350/361/350 321/331/321 351/362/351
f 321/331/321 322/332/322 351/362/351
f 351/362/351 322/332/322 352/363/352
f 322/332/322 323/333/323 352/363/352
f 352/363/352 323/333/323 353/364/353
f 323/333/323 324/334/324 353/364/353
f 353/364/353 324/334/324 354/365/354
f 324/334/324 325/335/325 354/365/354
f 354/365/354 325/335/325 355/366/355
f 325/335/325 326/336/326 355/366/355
f 355/366/355 326/336/326 356/367/356
f 326/336/326 327/337/327 356/367/356
f 356/367/356 327/337/327 357/368/357
f 327/337/327 328/338/328 357/368/357
f 357/368/357 328/338/328 358/369/358
f 328/338/328 329/339/329 358/369/358
f 358/369/358 329/339/329 359/370/359
f 329/339/329 330/340/330 359/370/359
f 359/370/359 330/340/330 360/371/360
f 330/340/330 301/341/301 360/371/360
f 360/371/360 301/341/301 331/372/331
f 331/342/331 332/343/332 361/373/361
f 361/373/361 332/343/332 362/374/362
f 332/343/332 333/344/333 362/374/362
f 362/374/362 333/344/333 363/375/363
f 333/344/333 334/345/334 363/375/363
f 363/375/363 334/345/334 364/376/364
f 334/345/334 335/346/335 364/376/364
f 364/376/364 335/346/335 365/377/365
f 335/346/335 336/347/336 365/377/365
f 365/377/365 336/347/336 366/378/366
f 336/347/336 337/348/337 366/378/366
f 366/378/366 337/348/337 367/379/367
f 337/348/337 338/349/338 367/379/367
f 367/379/367 338/349/338 368/380/368
f 338/349/338 339/350/339 368/380/368
f 368/380/368 339/350/339 369/381/369
f 339/350/339 340/351/340 369/381/369
f 369/381/369 340/351/340 370/382/370
f 340/351/340 341/352/341 370/382/370
f 370/382/370 341/352/341 371/383/371
f 341/352/341 342/353/342 371/383/371
f 371/383/371 342/353/342 372/384/372
f 342/353/342 343/354/343 372/384/372
f 372/384/372 343/354/343 373/385/373
f 343/354/343 344/355/344 373/385/373
f 373/385/373 344/355/344 374/386/374
f 344/355/344 345/356/345 374/386/374
f 374/386/374 345/356/345 375/387/375
f 345/356/345 346/357/346 375/387/375
f 375/387/375 346/357/346 376/388/376
f 346/357/346 347/358/347 376/388/376
f 376/388/376 347/358/347 377/389/377
f 347/358/347 348/359/348 377/389/377
f 377/389/377 348/359/348 378/390/378
f 348/359/348 349/360/349 378/390/378
f 378/390/378 349/360/349 379/391/379
f 349/360/349 350/361/350 379/391/379
f 379/391/379 350/361/350 380/392/380
f 350/361/350 351/362/351 380/392/380
f 380/392/380 351/362/351 381/393/381
f 351/362/351 352/363/352 381/393/381
f 381/393/381 352/363/352 382/394/382
f 352/363/352 353/364/353 382/394/382
f 382/394/382 353/364/353 383/395/383
f 353/364/353 354/365/354 383/395/383
f 383/395/383 354/365/354 384/396/384
f 354/365/354 355/366/355 384/396/384
f 384/396/384 355/366/355 385/397/385
f 355/366/355 356/367/356 385/397/385
f 385/397/385 356/367/356 386/398/386
f 356/367/356 357/368/357 386/398/386
f 386/398/386 357/368/357 387/399/387
f 357/368/357 358/369/358 387/399/387
f 387/399/387 358/369/358 388/400/388
f 358/369/358 359/370/359 388/400/388
f 388/400/388 359/370/359 389/401/389
f 359/370/359 360/371/360 389/401/389
f 389/401/389 360/371/360 390/402/390
f 360/371/360 331/372/331 390/402/390
f 390/402/390 331/372/331 361/403/361
f 361/373/361 362/374/362 391/404/391
f 391/404/391 362/374/362 392/405/392
f 362/374/362 363/375/363 392/405/392
f 392/405/392 363/375/363 393/406/393
f 363/375/363 364/376/364 393/406/393
f 393/406/393 364/376/364 394/407/394
f 364/376/364 365/377/365 394/407/394
f 394/407/394 365/377/365 395/408/395
f 365/377/365 366/378/366 395/408/395
f 395/408/395 366/378/366 396/409/396
f 366/378/366 367/379/367 396/409/396
f 396/409/396 367/379/367 397/410/397
f 367/379/367 368/380/368 397/410/397
f 397/410/397 368/380/368 398/411/398
f 368/380/368 369/381/369 398/411/398
f 398/411/398 369/381/369 399/412/399
f 369/381/369 370/382/370 399/412/399
f 399/412/399 370/382/370 400/413/400
f 370/382/370 371/383/371 400/413/400
f 400/413/400 371/383/371 401/414/401
f 371/383/371 372/384/372 401/414/401
f 401/414/401 372/384/372 402/415/402
f 372/384/372 373/385/373 402/415/402
f 402/415/402 373/385/373 403/416/403
f 373/385/373 374/386/374 403/416/403
f 403/416/403 374/386/374 404/417/404
f 374/386/374 375/387/375 404/417/404
f 404/417/404 375/387/375 405/418/405
f 375/387/375 376/388/376 405/418/405
f 405/418/405 376/388/376 406/419/406
f 376/388/376 377/389/377 406/419/406
f 406/419/406 377/389/377 407/420/407
f 377/389/377 378/390/378 407/420/407
f 407/420/407 378/390/378 408/421/408
f 378/390/378 379/391/379 408/421/408
f 408/421/408 379/391/379 409/422/409
f 379/391/379 380/392/380 409/422/409
f 409/422/409 380/392/380 410/423/410
f 380/392/380 381/393/381 410/423/410
f 410/423/410 381/393/381 411/424/411
f 381/393/381 382/394/382 411/424/411
f 411/424/411 382/394/382 412/425/412
f 382/394/382 383/395/383 412/425/412
f 412/425/412 383/395/383 413/426/413
f 383/395/383 384/396/384 413/426/413
f 413/426/413 384/396/384 414/427/414
f 384/396/384 385/397/385 414/427/414
f 414/427/414 385/397/385 415/428/415
f 385/397/385 386/398/386 415/428/415
f 415/428/415 386/398/386 416/429/416
f 386/398/386 387/399/387 416/429/416
f 416/429/416 387/399/387 417/430/417
f 387/399/387 388/400/388 417/430/417
f 417/430/417 388/400/388 418/431/418
f 388/400/388 389/401/389 418/431/418
f 418/431/418 389/401/389 419/432/419
f 389/401/389 390/402/390 419/432/419
f 419/432/419 390/402/390 420/433/420
f 390/402/390 361/403/361 420/433/420
f 420/433/420 361/403/361 391/434/391
f 391/404/391 392/405/392 421/435/421
f 421/435/421 392/405/392 422/436/422
f 392/405/392 393/406/393 422/436/422
f 422/436/422 393/406/393 423/437/423
f 393/406/393 394/407/394 423/437/423
f 423/437/423 394/407/394 424/438/424
f 394/407/394 395/408/395 424/438/424
f 424/438/424 395/408/395 425/439/425
f 395/408/395 396/409/396 425/439/425
f 425/439/425 396/409/396 426/440/426
f 396/409/396 397/410/397 426/440/426
f 426/440/426 397/410/397 427/441/427
f 397/410/397 398/411/398 427/441/427
f 427/441/427 398/411/398 428/442/428
f 398/411/398 399/412/399 428/442/428
f 428/442/428 399/412/399 429/443/429
f 399/412/399 400/413/400 429/443/429
f 429/443/429 400/413/400 430/444/430
f 400/413/400 401/414/401 430/444/430
f 430/444/430 401/414/401 431/445/431
f 401/414/401 402/415/402 431/445/431
f 431/445/431 402/415/402 432/446/432
f 402/415/402 403/416/403 432/446/432
f 432/446/432 403/416/403 433/447/433
f 403/416/403 404/417/404 433/447/433
f 433/447/433 404/417/404 434/448/434
f 404/417/404 405/418/405 434/448/434
f 434/448/434 405/418/405 435/449/435
f 405/418/405 406/419/406 435/449/435
f 435/449/435 406/419/406 436/450/436
f 406/419/406 407/420/407 436/450/436
f 436/450/436 407/420/407 437/451/437
f 407/420/407 408/421/408 437/451/437
f 437/451/437 408/421/408 438/452/438
f 408/421/408 409/422/409 438/452/438
f 438/452/438 409/422/409 439/453/439
f 409/422/409 410/423/410 439/453/439
f 439/453/439 410/423/410 440/454/440
f 410/423/410 411/424/411 440/454/440
f 440/454/440 411/424/411 441/455/441
f 411/424/411 412/425/412 441/455/441
f 441/455/441 412/425/412 442/456/442
f 412/425/412 413/426/413 442/456/442
f 442/456/442 413/426/413 443/457/443
f 413/426/413 414/427/414 443/457/443
f 443/457/443 414/427/414 444/458/444
f 414/427/414 415/428/415 444/458/444
f 444/458/444 415/428/415 445/459/445
f 415/428/415 416/429/416 445/459/445
f 445/459/445 416/429/416 446/460/446
f 416/429/416 417/430/417 446/460/446
f 446/460/446 417/430/417 447/461/447
f 417/430/417 418/431/418 447/461/447
f 447/461/447 418/431/418 448/462/448
f 418/431/418 419/432/419 448/462/448
f 448/462/448 419/432/419 449/463/449
f 419/432/419 420/433/420 449/463/449
f 449/463/449 420/433/420 450/464/450
f 420/433/420 391/434/391 450/464/450
f 450/464/450 391/434/391 421/465/421
f 421/435/421 422/436/422 451/466/451
f 451/466/451 422/436/422 452/467/452
f 422/436/422 423/437/423 452/467/452
f 452/467/452 423/437/423 453/468/453
f 423/437/423 424/438/424 453/468/453
f 453/468/453 424/438/424 454/469/454
f 424/438/424 425/439/425 454/469/454
f 454/469/454 425/439/425 455/470/455
f 425/439/425 426/440/426 455/470/455
f 455/470/455 426/440/426 456/471/456
f 426/440/426 427/441/427 456/471/456
f 456/471/456 427/441/427 457/472/457
f 427/441/427 428/442/428 457/472/457
f 457/472/457 428/442/428 458/473/458
f 428/442/428 429/443/429 458/473/458
f 458/473/458 429/443/429 459/474/459
f 429/443/429 430/444/430 459/474/459
f 459/474/459 430/444/430 460/475/460
f 430/444/430 431/445/431 460/475/460
f 460/475/460 431/445/431 461/476/461
f 431/445/431 432/446/432 461/476/461
f 461/476/461 432/446/432 462/477/462
f 432/446/432 433/447/433 462/477/462
f 462/477/462 433/447/433 463/478/463
f 433/447/433 434/448/434 463/478/463
f 463/478/463 434/448/434 464/479/464
f 434/448/434 435/449/435 464/479/464
f 464/479/464 435/449/435 465/480/465
f 435/449/435 436/450/436 465/480/465
f 465/480/465 436/450/436 466/481/466
f 436/450/436 437/451/437 466/481/466
f 466/481/466 437/451/437 467/482/467
f 437/451/437 438/452/438 467/482/467
f 467/482/467 438/452/438 468/483/468
f 438/452/438 439/453/439 468/483/468
f 468/483/468 439/453/439 469/484/469
f 439/453/439 440/454/440 469/484/469
f 469/484/469 440/454/440 470/485/470
f 440/454/440 441/455/441 470/485/470
f 470/485/470 441/455/441 471/486/471
f 441/455/441 442/456/442 471/486/471
f 471/486/471 442/456/442 472/487/472
f 442/456/442 443/457/443 472/487/472
f 472/487/472 443/457/443 473/488/473
f 443/457/443 444/458/444 473/488/473
f 473/488/473 444/458/444 474/489/474
f 444/458/444 445/459/445 474/489/474
f 474/489/474 445/459/445 475/490/475
f 445/459/445 446/460/446 475/490/475
f 475/490/475 446/460/446 476/491/476
f 446/460/446 447/461/447 476/491/476
f 476/491/476 447/461/447 477/492/477
f 447/461/447 448/462/448 477/492/477
f 477/492/477 448/462/448 478/493/478
f 448/462/448 449/463/449 478/493/478
f 478/493/478 449/463/449 479/494/479
f 449/463/449 450/464/450 479/494/479
f 479/494/479 450/464/450 480/495/480
f 450/464/450 421/465/421 480/495/480
f 480/495/480 421/465/421 451/496/451
f 451/466/451 452/467/452 481/497/481
f 481/497/481 452/467/452 482/498/482
f 452/467/452 453/468/453 482/498/482
f 482/498/482 453/468/453 483/499/483
f 453/468/453 454/469/454 483/499/483
f 483/499/483 454/469/454 484/500/484
f 454/469/454 455/470/455 484/500/484
f 484/500/484 455/470/455 485/501/485
f 455/470/455 456/471/456 485/501/485
f 485/501/485 456/471/456 486/502/486
f 456/471/456 457/472/457 486/502/486
f 486/502/486 457/472/457 487/503/487
f 457/472/457 458/473/458 487/503/487
f 487/503/487 458/473/458 488/504/488
f 458/473/458 459/474/459 488/504/488
f 488/504/488 459/474/459 489/505/489
f 459/474/459 460/475/460 489/505/489
f 489/505/489 460/475/460 490/506/490
f 460/475/460 461/476/461 490/506/490
f 490/506/490 461/476/461 491/507/491
f 461/476/461 462/477/462 491/507/491
f 491/507/491 462/477/462 492/508/492
f 462/477/462 463/478/463 492/508/492
f 492/508/492 463/478/463 493/509/493
f 463/478/463 464/479/464 493/509/493
f 493/509/493 464/479/464 494/510/494
f 464/479/464 465/480/465 494/510/494
f 494/510/494 465/480/465 495/511/495
f 465/480/465 466/481/466 495/511/495
f 495/511/495 466/481/466 496/512/496
f 466/481/466 467/482/467 496/512/496
f 496/512/496 467/482/467 497/513/497
f 467/482/467 468/483/468 497/513/497
f 497/513/497 468/483/468 498/514/498
f 468/483/468 469/484/469 498/514/498
f 498/514/498 469/484/469 499/515/499
f 469/484/469 470/485/470 499/515/499
f 499/515/499 470/485/470 500/516/500
f 470/485/470 471/486/471 500/516/500
f 500/516/500 471/486/471 501/517/501
f 471/486/471 472/487/472 501/517/501
f 501/517/501 472/487/472 502/518/502
f 472/487/472 473/488/473 502/518/502
f 502/518/502 473/488/473 503/519/503
f 473/488/473 474/489/474 503/519/503
f 503/519/503 474/489/474 504/520/504
f 474/489/474 475/490/475 504/520/504
f 504/520/504 475/490/475 505/521/505
f 475/490/475 476/491/476 505/521/505
f 505/521/505 476/491/476 506/522/506
f 476/491/476 477/492/477 506/522/506
f 506/522/506 477/492/477 507/523/507
f 477/492/477 478/493/478 507/523/507
f 507/523/507 478/493/478 508/524/508
f 478/493/478 479/494/479 508/524/508
f 508/524/508 479/494/479 509/525/509
f 479/494/479 480/495/480 509/525/509
f 509/525/509 480/495/480 510/526/510
f 480/495/480 451/496/451 510/526/510
f 510/526/510 451/496/451 481/527/481
f 481/497/481 482/498/482 511/528/511
f 511/528/511 482/498/482 512/529/512
f 482/498/482 483/499/483 512/529/512
f 512/529/512 483/499/483 513/530/513
f 483/499/483 484/500/484 513/530/513
f 513/530/513 484/500/484 514/531/514
f 484/500/484 485/501/485 514/531/514
f 514/531/514 485/501/485 515/532/515
f 485/501/485 486/502/486 515/532/515
f 515/532/515 486/502/486 516/533/516
f 486/502/486 487/503/487 516/533/516
f 516/533/516 487/503/487 517/534/517
f 487/503/487 488/504/488 517/534/517
f 517/534/517 488/504/488 518/535/518
f 488/504/488 489/505/489 518/535/518
f 518/535/518 489/505/489 519/536/519
f 489/505/489 490/506/490 519/536/519
f 519/536/519 490/506/490 520/537/520
f 490/506/490 491/507/491 520/537/520
f 520/537/520 491/507/491 521/538/521
f 491/507/491 492/508/492 521/538/521
f 521/538/521 492/508/492 522/539/522
f 492/508/492 493/509/493 522/539/522
f 522/539/522 493/509/493 523/540/523
f 493/509/493 494/510/494 523/540/523
f 523/540/523 494/510/494 524/541/524
f 494/510/494 495/511/495 524/541/524
f 524/541/524 495/511/495 525/542/525
f 495/511/495 496/512/496 525/542/525
f 525/542/525 496/512/496 526/543/526
f 496/512/496 497/513/497 526/543/526
f 526/543/526 497/513/497 527/544/527
f 497/513/497 498/514/498 527/544/527
f 527/544/527 498/514/498 528/545/528
f 498/514/498 499/515/499 528/545/528
f 528/545/528 499/515/499 529/546/529
f 499/515/499 500/516/500 529/546/529
f 529/546/529 500/516/500 530/547/530
f 500/516/500 501/517/501 530/547/530
f 530/547/530 501/517/501 531/548/531
f 501/517/501 502/518/502 531/548/531
f 531/548/531 502/518/502 532/549/532
f 502/518/502 503/519/503 532/549/532
f 532/549/532 503/519/503 533/550/533
f 503/519/503 504/520/504 533/550/533
f 533/550/533 504/520/504 534/551/534
f 504/520/504 505/521/505 534/551/534
f 534/551/534 505/521/505 535/552/535
f 505/521/505 506/522/506 535/552/535
f 535/552/535 506/522/506 536/553/536
f 506/522/506 507/523/507 536/553/536
f 536/553/536 507/523/507 537/554/537
f 507/523/507 508/524/508 537/554/537
f 537/554/537 508/524/508 538/555/538
f 508/524/508 509/525/509 538/555/538
f 538/555/538 509/525/509 539/556/539
f 509/525/509 510/526/510 539/556/539
f 539/556/539 510/526/510 540/557/540
f 510/526/510 481/527/481 540/557/540
f 540/557/540 481/527/481 511/558/511
f 511/528/511 512/529/512 541/559/541
f 541/559/541 512/529/512 542/560/542
f 512/529/512 513/530/513 542/560/542
f 542/560/542 513/530/513 543/561/543
f 513/530/513 514/531/514 543/561/543
f 543/561/543 514/531/514 544/562/544
f 514/531/514 515/532/515 544/562/544
f 544/562/544 515/532/515 545/563/545
f 515/532/515 516/533/516 545/563/545
f 545/563/545 516/533/516 546/564/546
f 516/533/516 517/534/517 546/564/546
f 546/564/546 517/534/517 547/565/547
f 517/534/517 518/535/518 547/565/547
f 547/565/547 518/535/518 548/566/548
f 518/535/518 519/536/519 548/566/548
f 548/566/548 519/536/519 549/567/549
f 519/536/519 520/537/520 549/567/549
f 549/567/549 520/537/520 550/568/550
f 520/537/520 521/538/521 550/568/550
f 550/568/550 521/538/521 551/569/551
f 521/538/521 522/539/522 551/569/551
f 551/569/551 522/539/522 552/570/552
f 522/539/522 523/540/523 552/570/552
f 552/570/552 523/540/523 553/571/553
f 523/540/523 524/541/524 553/571/553
f 553/571/553 524/541/524 554/572/554
f 524/541/524 525/542/525 554/572/554
f 554/572/554 525/542/525 555/573/555
f 525/542/525 526/543/526 555/573/555
f 555/573/555 526/543/526 556/574/556
f 526/543/526 527/544/527 556/574/556
f 556/574/556 527/544/527 557/575/557
f 527/544/527 528/545/528 557/575/557
f 557/575/557 528/545/528 558/576/558
f 528/545/528 529/546/529 558/576/558
f 558/576/558 529/546/529 559/577/559
f 529/546/529 530/547/530 559/577/559
f 559/577/559 530/547/530 560/578/560
f 530/547/530 531/548/531 560/578/560
f 560/578/560 531/548/531 561/579/561
f 531/548/531 532/549/532 561/579/561
f 561/579/561 532/549/532 562/580/562
f 532/549/532 533/550/533 562/580/562
f 562/580/562 533/550/533 563/581/563
f 533/550/533 534/551/534 563/581/563
f 563/581/563 534/551/534 564/582/564
f 534/551/534 535/552/535 564/582/564
f 564/582/564 535/552/535 565/583/565
f 535/552/535 536/553/536 565/583/565
f 565/583/565 536/553/536 566/584/566
f 536/553/536 537/554/537 566/584/566
f 566/584/566 537/554/537 567/585/567
f 537/554/537 538/555/538 567/585/567
f 567/585/567 538/555/538 568/586/568
f 538/555/538 539/556/539 568/586/568
f 568/586/568 539/556/539 569/587/569
f 539/556/539 540/557/540 569/587/569
f 569/587/569 540/557/540 570/588/570
f 540/557/540 511/558/511 570/588/570
f 570/588/570 511/558/511 541/589/541
f 2/2/2 1/1/1 571/590/571
f 3/3/5 2/2/2 571/591/571
f 4/4/7 3/3/5 571/592/571
f 5/5/9 4/4/7 571/593/571
f 6/6/11 5/5/9 571/594/571
f 7/7/13 6/6/11 571/595/571
f 8/8/15 7/7/13 571/596/571
f 9/9/17 8/8/15 571/597/571
f 10/10/19 9/9/17 571/598/571
f 11/11/21 10/10/19 571/599/571
f 12/12/23 11/11/21 571/600/571
f 13/13/25 12/12/23 571/601/571
f 14/14/27 13/13/25 571/602/571
f 15/15/29 14/14/27 571/603/571
f 16/16/31 15/15/29 571/604/571
f 17/17/33 16/16/31 571/605/571
f 18/18/35 17/17/33 571/606/571
f 19/19/37 18/18/35 571/607/571
f 20/20/39 19/19/37 571/608/571
f 21/21/41 20/20/39 571/609/571
f 22/22/43 21/21/41 571/610/571
f 23/23/45 22/22/43 571/611/571
f 24/24/47 23/23/45 571/612/571
f 25/25/49 24/24/47 571/613/571
f 26/26/51 25/25/49 571/614/571
f 27/27/53 26/26/51 571/615/571
f 28/28/55 27/27/53 571/616/571
f 29/29/57 28/28/55 571/617/571
f 30/30/59 29/29/57 571/618/571
f 1/31/1 30/30/59 571/619/571
f 541/559/541 542/560/542 572/620/572
f 542/560/542 543/561/543 572/621/572
f 543/561/543 544/562/544 572/622/572
f 544/562/544 545/563/545 572/623/572
f 545/563/545 546/564/546 572/624/572
f 546/564/546 547/565/547 572/625/572
f 547/565/547 548/566/548 572/626/572
f 548/566/548 549/567/549 572/627/572
f 549/567/549 550/568/550 572/628/572
f 550/568/550 551/569/551 572/629/572
f 551/569/551 552/570/552 572/630/572
f 552/570/552 553/571/553 572/631/572
f 553/571/553 554/572/554 572/632/572
f 554/572/554 555/573/555 572/633/572
f 555/573/555 556/574/556 572/634/572
f 556/574/556 557/575/557 572/635/572
f 557/575/557 558/576/558 572/636/572
f 558/576/558 559/577/559 572/637/572
f 559/577/559 560/578/560 572/638/572
f 560/578/560 561/579/561 572/639/572
f 561/579/561 562/580/562 572/640/572
f 562/580/562 563/581/563 572/641/572
f 563/581/563 564/582/564 572/642/572
f 564/582/564 565/583/565 572/643/572
f 565/583/565 566/584/566 572/644/572
f 566/584/566 567/585/567 572/645/572
f 567/585/567 568/586/568 572/646/572
f 568/586/568 569/587/569 572/647/572
f 569/587/569 570/588/570 572/648/572
f 570/588/570 541/589/541 572/649/572
