# This file uses centimeters as units for non-parametric coordinates.

# mtllib lap1_first_attep.mtl
v -5.179144 0.000000 -41.373924
v -5.634134 0.000000 -41.882740
v -6.144935 0.000000 -42.459965
v -6.689545 0.000000 -43.111759
v -7.246116 0.000000 -43.846878
v -7.792788 0.000000 -44.675144
v -8.307536 0.000000 -45.606373
v -8.768303 0.000000 -46.649578
v -9.157539 0.000000 -47.799698
v -9.477427 0.000000 -49.024029
v -9.742958 0.000000 -50.307320
v -9.968340 0.000000 -51.637825
v -10.166262 0.000000 -53.003036
v -10.348508 0.000000 -54.389687
v -10.526294 0.000000 -55.783848
v -10.710445 0.000000 -57.171024
v -10.911445 0.000000 -58.536232
v -11.136686 0.000000 -59.866798
v -11.387392 0.000000 -61.153358
v -11.663301 0.000000 -62.382172
v -11.963829 0.000000 -63.538570
v -12.288011 0.000000 -64.607460
v -12.634199 0.000000 -65.573097
v -12.999510 0.000000 -66.418816
v -13.378710 0.000000 -67.126724
v -13.762094 0.000000 -67.678101
v -14.139640 0.000000 -68.078819
v -14.514061 0.000000 -68.371017
v -14.890680 0.000000 -68.587006
v -15.278645 0.000000 -68.752029
v -15.686189 0.000000 -68.884369
v -16.117226 0.000000 -68.998573
v -16.571882 0.000000 -69.109703
v -17.048792 0.000000 -69.236458
v -17.545383 0.000000 -69.402710
v -18.031298 0.000000 -69.611008
v -18.475357 0.000000 -69.834167
v -18.886425 0.000000 -70.054535
v -19.278139 0.000000 -70.259758
v -19.665339 0.000000 -70.441986
v -20.064169 0.000000 -70.596756
v -20.492840 0.000000 -70.721230
v -20.971714 0.000000 -70.811821
v -21.521950 0.000000 -70.862885
v -22.157328 0.000000 -70.873856
v -22.862093 0.000000 -70.846504
v -23.607819 0.000000 -70.783943
v -24.368704 0.000000 -70.691162
v -25.120567 0.000000 -70.573952
v -25.839962 0.000000 -70.438530
v -26.503517 0.000000 -70.291473
v -27.087160 0.000000 -70.139893
v -27.565859 0.000000 -69.991524
v -27.925886 0.000000 -69.850128
v -28.168472 0.000000 -69.718811
v -28.306160 0.000000 -69.604515
v -28.371056 0.000000 -69.508873
v -28.411579 0.000000 -69.407616
v -28.462023 0.000000 -69.252365
v -28.527954 0.000000 -69.004570
v -28.604906 0.000000 -68.650711
v -28.691994 0.000000 -68.193970
v -28.784594 0.000000 -67.660835
v -28.879160 0.000000 -67.071945
v -28.974012 0.000000 -66.440155
v -29.067680 0.000000 -65.777588
v -29.158792 0.000000 -65.096001
v -29.246023 0.000000 -64.406982
v -29.328077 0.000000 -63.722027
v -29.403666 0.000000 -63.052601
v -29.471849 0.000000 -62.407967
v -29.533579 0.000000 -61.784893
v -29.590401 0.000000 -61.176277
v -29.643818 0.000000 -60.575306
v -29.695335 0.000000 -59.975224
v -29.746447 0.000000 -59.369366
v -29.798649 0.000000 -58.751171
v -29.853430 0.000000 -58.114182
v -29.912287 0.000000 -57.452026
v -29.976608 0.000000 -56.760551
v -30.047398 0.000000 -56.044323
v -30.125530 0.000000 -55.310520
v -30.211889 0.000000 -54.566349
v -30.307390 0.000000 -53.818935
v -30.412983 0.000000 -53.075268
v -30.529678 0.000000 -52.342205
v -30.658575 0.000000 -51.626427
v -30.800920 0.000000 -50.934368
v -30.959229 0.000000 -50.269695
v -31.139263 0.000000 -49.629921
v -31.347353 0.000000 -49.013893
v -31.590179 0.000000 -48.421417
v -31.874699 0.000000 -47.853256
v -32.207703 0.000000 -47.311531
v -32.595131 0.000000 -46.799900
v -33.041267 0.000000 -46.323231
v -33.548244 0.000000 -45.886616
v -34.108284 0.000000 -45.496338
v -34.701855 0.000000 -45.154900
v -35.318745 0.000000 -44.856102
v -35.950832 0.000000 -44.594154
v -36.590275 0.000000 -44.364426
v -37.229160 0.000000 -44.163116
v -37.859402 0.000000 -43.987022
v -38.472668 0.000000 -43.833347
v -39.060730 0.000000 -43.699604
v -39.635139 0.000000 -43.585960
v -40.227573 0.000000 -43.500576
v -40.851727 0.000000 -43.458824
v -41.514473 0.000000 -43.477741
v -42.218029 0.000000 -43.572556
v -42.963676 0.000000 -43.754314
v -43.756107 0.000000 -44.030399
v -44.605152 0.000000 -44.407135
v -45.523956 0.000000 -44.891327
v -46.509388 0.000000 -45.475594
v -47.544693 0.000000 -46.139343
v -48.614723 0.000000 -46.864075
v -49.701889 0.000000 -47.630749
v -50.787273 0.000000 -48.419880
v -51.851234 0.000000 -49.211678
v -52.873722 0.000000 -49.986168
v -53.834385 0.000000 -50.723198
v -54.713581 0.000000 -51.403076
v -55.508461 0.000000 -52.016994
v -56.231419 0.000000 -52.566143
v -56.896053 0.000000 -53.052860
v -57.516003 0.000000 -53.479977
v -58.105282 0.000000 -53.851215
v -58.678928 0.000000 -54.171543
v -59.253658 0.000000 -54.447117
v -59.848167 0.000000 -54.684628
v -60.481415 0.000000 -54.889824
v -61.157246 0.000000 -55.062241
v -61.866241 0.000000 -55.196800
v -62.598110 0.000000 -55.288609
v -63.342716 0.000000 -55.333256
v -64.090019 0.000000 -55.326763
v -64.830101 0.000000 -55.265598
v -65.553223 0.000000 -55.146729
v -66.249985 0.000000 -54.967651
v -66.912903 0.000000 -54.727066
v -67.543343 0.000000 -54.428749
v -68.135376 0.000000 -54.080868
v -68.677696 0.000000 -53.694027
v -69.159081 0.000000 -53.280029
v -69.568497 0.000000 -52.852089
v -69.895439 0.000000 -52.425350
v -70.130630 0.000000 -52.017761
v -70.268036 0.000000 -51.651035
v -70.313850 0.000000 -51.341858
v -70.302284 0.000000 -51.047218
v -70.248474 0.000000 -50.713135
v -70.152618 0.000000 -50.312599
v -70.019936 0.000000 -49.836414
v -69.865379 0.000000 -49.281712
v -69.710899 0.000000 -48.645676
v -69.582161 0.000000 -47.924774
v -69.506050 0.000000 -47.115913
v -69.501961 0.000000 -46.230843
v -69.556175 0.000000 -45.318825
v -69.644447 0.000000 -44.398376
v -69.745560 0.000000 -43.482994
v -69.839867 0.000000 -42.589874
v -69.908630 0.000000 -41.739235
v -69.934227 0.000000 -40.954445
v -69.901352 0.000000 -40.262867
v -69.800453 0.000000 -39.696987
v -69.636238 0.000000 -39.273743
v -69.418404 0.000000 -38.944958
v -69.138123 0.000000 -38.659317
v -68.770592 0.000000 -38.381691
v -68.293472 0.000000 -38.097977
v -67.697807 0.000000 -37.804813
v -66.984810 0.000000 -37.498653
v -66.159851 0.000000 -37.172253
v -65.229065 0.000000 -36.815155
v -64.207603 0.000000 -36.421276
v -63.126434 0.000000 -35.995670
v -62.012405 0.000000 -35.542416
v -60.891125 0.000000 -35.065041
v -59.787704 0.000000 -34.566750
v -58.726662 0.000000 -34.050262
v -57.731667 0.000000 -33.517460
v -56.825096 0.000000 -32.968613
v -56.027222 0.000000 -32.400669
v -55.350311 0.000000 -31.807377
v -54.797531 0.000000 -31.183455
v -54.370419 0.000000 -30.520645
v -54.076794 0.000000 -29.815571
v -53.927921 0.000000 -29.077332
v -53.928028 0.000000 -28.328270
v -54.066486 0.000000 -27.592751
v -54.322281 0.000000 -26.884399
v -54.674049 0.000000 -26.204216
v -55.104416 0.000000 -25.547775
v -55.600254 0.000000 -24.910208
v -56.151459 0.000000 -24.287876
v -56.749130 0.000000 -23.679010
v -57.384762 0.000000 -23.083260
v -58.049923 0.000000 -22.501253
v -58.736107 0.000000 -21.934288
v -59.434723 0.000000 -21.384117
v -60.137161 0.000000 -20.852680
v -60.836613 0.000000 -20.339830
v -61.528267 0.000000 -19.843201
v -62.207874 0.000000 -19.360062
v -62.871174 0.000000 -18.887774
v -63.513908 0.000000 -18.423822
v -64.131798 0.000000 -17.965839
v -64.720551 0.000000 -17.511627
v -65.275902 0.000000 -17.059191
v -65.793343 0.000000 -16.606897
v -66.265121 0.000000 -16.154997
v -66.682503 0.000000 -15.704695
v -67.038025 0.000000 -15.257444
v -67.325478 0.000000 -14.815411
v -67.540726 0.000000 -14.380840
v -67.682518 0.000000 -13.954481
v -67.752167 0.000000 -13.532991
v -67.751068 0.000000 -13.106621
v -67.677826 0.000000 -12.657919
v -67.532677 0.000000 -12.161693
v -67.317787 0.000000 -11.623173
v -67.041962 0.000000 -11.060741
v -66.717918 0.000000 -10.490948
v -66.360153 0.000000 -9.928265
v -65.983894 0.000000 -9.385547
v -65.604576 0.000000 -8.874489
v -65.237640 0.000000 -8.405937
v -64.896606 0.000000 -7.991188
v -64.584755 0.000000 -7.645330
v -64.291389 0.000000 -7.367445
v -63.997787 0.000000 -7.143641
v -63.677071 0.000000 -6.953991
v -63.294720 0.000000 -6.780150
v -62.816216 0.000000 -6.611733
v -62.213737 0.000000 -6.445145
v -61.466312 0.000000 -6.278885
v -60.565327 0.000000 -6.113258
v -59.537601 0.000000 -5.957273
v -58.414024 0.000000 -5.820450
v -57.223122 0.000000 -5.711443
v -55.992870 0.000000 -5.638584
v -54.751202 0.000000 -5.609955
v -53.526333 0.000000 -5.633326
v -52.347088 0.000000 -5.715981
v -51.243290 0.000000 -5.864304
v -50.234356 0.000000 -6.080116
v -49.307770 0.000000 -6.356834
v -48.454491 0.000000 -6.686588
v -47.667717 0.000000 -7.061767
v -46.940968 0.000000 -7.475212
v -46.268185 0.000000 -7.920045
v -45.643791 0.000000 -8.389501
v -45.062607 0.000000 -8.876774
v -44.519741 0.000000 -9.374952
v -44.011623 0.000000 -9.878856
v -43.534473 0.000000 -10.389080
v -43.079857 0.000000 -10.911139
v -42.638966 0.000000 -11.451165
v -42.203304 0.000000 -12.015150
v -41.764717 0.000000 -12.608770
v -41.315327 0.000000 -13.237281
v -40.847435 0.000000 -13.905511
v -40.353516 0.000000 -14.617831
v -39.828533 0.000000 -15.371862
v -39.272343 0.000000 -16.153349
v -38.686348 0.000000 -16.945032
v -38.071457 0.000000 -17.729954
v -37.427876 0.000000 -18.491537
v -36.754929 0.000000 -19.213474
v -36.050724 0.000000 -19.879517
v -35.311665 0.000000 -20.473017
v -34.532501 0.000000 -20.975994
v -33.722996 0.000000 -21.372026
v -32.906578 0.000000 -21.657925
v -32.096088 0.000000 -21.841772
v -31.302654 0.000000 -21.933294
v -30.536165 0.000000 -21.942795
v -29.805286 0.000000 -21.880590
v -29.117607 0.000000 -21.756577
v -28.479786 0.000000 -21.579876
v -27.896715 0.000000 -21.357868
v -27.359211 0.000000 -21.086185
v -26.859957 0.000000 -20.754744
v -26.402328 0.000000 -20.360764
v -25.988615 0.000000 -19.907478
v -25.615232 0.000000 -19.400059
v -25.272551 0.000000 -18.840767
v -24.947857 0.000000 -18.227184
v -24.628084 0.000000 -17.553255
v -24.301651 0.000000 -16.812031
v -23.965090 0.000000 -16.007269
v -23.621426 0.000000 -15.152523
v -23.275106 0.000000 -14.263898
v -22.930941 0.000000 -13.358120
v -22.593908 0.000000 -12.452233
v -22.269093 0.000000 -11.563472
v -21.961630 0.000000 -10.709183
v -21.676693 0.000000 -9.906786
v -21.418398 0.000000 -9.172759
v -21.182425 0.000000 -8.515982
v -20.959127 0.000000 -7.936934
v -20.738747 0.000000 -7.432657
v -20.512611 0.000000 -6.998409
v -20.272394 0.000000 -6.625790
v -20.007923 0.000000 -6.301338
v -19.704353 0.000000 -6.007694
v -19.341490 0.000000 -5.727970
v -18.898561 0.000000 -5.450317
v -18.370056 0.000000 -5.172651
v -17.766861 0.000000 -4.901718
v -17.102419 0.000000 -4.643179
v -16.389563 0.000000 -4.400784
v -15.640572 0.000000 -4.177179
v -14.867311 0.000000 -3.974371
v -14.081368 0.000000 -3.793972
v -13.294164 0.000000 -3.637350
v -12.516474 0.000000 -3.505758
v -11.756443 0.000000 -3.400433
v -11.020782 0.000000 -3.322359
v -10.316176 0.000000 -3.272383
v -9.649566 0.000000 -3.251211
v -9.028270 0.000000 -3.259317
v -8.460161 0.000000 -3.296776
v -7.953902 0.000000 -3.362938
v -7.519229 0.000000 -3.455833
v -7.159842 0.000000 -3.570877
v -6.859379 0.000000 -3.702772
v -6.605815 0.000000 -3.846865
v -6.389100 0.000000 -3.999886
v -6.199959 0.000000 -4.160172
v -6.030427 0.000000 -4.327024
v -5.873792 0.000000 -4.500061
v -5.723950 0.000000 -4.678844
v -5.574399 0.000000 -4.862951
v -5.431750 0.000000 -5.041773
v -5.321452 0.000000 -5.194242
v -5.239078 0.000000 -5.332748
v -5.169107 0.000000 -5.483786
v -5.098350 0.000000 -5.679537
v -5.021835 0.000000 -5.948807
v -4.940327 0.000000 -6.312679
v -4.855967 0.000000 -6.786471
v -4.770202 0.000000 -7.382898
v -4.684107 0.000000 -8.099789
v -4.599510 0.000000 -8.909063
v -4.518013 0.000000 -9.779358
v -4.440792 0.000000 -10.681055
v -4.368846 0.000000 -11.585427
v -4.303101 0.000000 -12.464182
v -4.244446 0.000000 -13.289265
v -4.193753 0.000000 -14.032778
v -4.151851 0.000000 -14.667580
v -4.118767 0.000000 -15.185577
v -4.093576 0.000000 -15.601007
v -4.075250 0.000000 -15.929917
v -4.062747 0.000000 -16.188261
v -4.054984 0.000000 -16.392120
v -4.050808 0.000000 -16.558500
v -4.049037 0.000000 -16.706455
v -4.048601 0.000000 -16.856819
v -4.048591 0.000000 -17.028471
v -4.048591 0.000000 -17.225054
v -4.048591 0.000000 -17.442621
v -4.048591 0.000000 -17.679951
v -4.048591 0.000000 -17.935915
v -4.048591 0.000000 -18.209385
v -4.048591 0.000000 -18.499231
v -4.048591 0.000000 -18.804327
v -4.048591 0.000000 -19.123543
v -4.048602 0.000000 -19.456499
v -4.048761 0.000000 -19.811571
v -4.049286 0.000000 -20.203260
v -4.050397 0.000000 -20.646484
v -4.052314 0.000000 -21.156137
v -4.055257 0.000000 -21.747049
v -4.059448 0.000000 -22.433994
v -4.065107 0.000000 -23.231695
v -4.072454 0.000000 -24.154863
v -4.081582 0.000000 -25.214626
v -4.091558 0.000000 -26.393637
v -4.100955 0.000000 -27.660172
v -4.108335 0.000000 -28.982225
v -4.112265 0.000000 -30.327934
v -4.111305 0.000000 -31.665554
v -4.104010 0.000000 -32.963490
v -4.088923 0.000000 -34.190380
v -4.064553 0.000000 -35.315289
v -4.030846 0.000000 -36.312145
v -3.996305 0.000000 -37.177513
v -3.972363 0.000000 -37.920567
v -3.969776 0.000000 -38.551933
v -3.997533 0.000000 -39.081593
v -4.061419 0.000000 -39.521603
v -4.164228 0.000000 -39.891560
v -4.310820 0.000000 -40.223537
v -3.579645 0.000000 -42.730453
v -4.070042 0.000000 -43.279945
v -4.574303 0.000000 -43.849815
v -5.079439 0.000000 -44.455685
v -5.572308 0.000000 -45.110584
v -6.039778 0.000000 -45.826466
v -6.468884 0.000000 -46.615307
v -6.846709 0.000000 -47.489857
v -7.168641 0.000000 -48.465187
v -7.447215 0.000000 -49.550175
v -7.688750 0.000000 -50.730186
v -7.900345 0.000000 -51.987091
v -8.090618 0.000000 -53.303520
v -8.269094 0.000000 -54.662853
v -8.445861 0.000000 -56.049145
v -8.631404 0.000000 -57.447014
v -8.836511 0.000000 -58.841576
v -9.068765 0.000000 -60.216496
v -9.328736 0.000000 -61.554012
v -9.616818 0.000000 -62.840973
v -9.933724 0.000000 -64.065125
v -10.280554 0.000000 -65.214668
v -10.659084 0.000000 -66.278442
v -11.072330 0.000000 -67.246201
v -11.525656 0.000000 -68.108955
v -12.028820 0.000000 -68.858925
v -12.586940 0.000000 -69.488686
v -13.184723 0.000000 -69.993195
v -13.803610 0.000000 -70.380577
v -14.421217 0.000000 -70.666039
v -15.016068 0.000000 -70.871712
v -15.571017 0.000000 -71.023476
v -16.072701 0.000000 -71.146713
v -16.509245 0.000000 -71.263145
v -16.870548 0.000000 -71.388458
v -17.191406 0.000000 -71.532768
v -17.527205 0.000000 -71.704887
v -17.894386 0.000000 -71.902351
v -18.304632 0.000000 -72.117409
v -18.768408 0.000000 -72.337799
v -19.294878 0.000000 -72.547859
v -19.891144 0.000000 -72.730354
v -20.562153 0.000000 -72.868736
v -21.310141 0.000000 -72.949455
v -22.110407 0.000000 -72.970627
v -22.938099 0.000000 -72.942421
v -23.780064 0.000000 -72.874161
v -24.620512 0.000000 -72.773293
v -25.442041 0.000000 -72.646477
v -26.226517 0.000000 -72.499908
v -26.955723 0.000000 -72.339447
v -27.612148 0.000000 -72.170425
v -28.182487 0.000000 -71.996124
v -28.679846 0.000000 -71.807220
v -29.126717 0.000000 -71.584404
v -29.534676 0.000000 -71.304344
v -29.895741 0.000000 -70.949005
v -30.185627 0.000000 -70.526276
v -30.394163 0.000000 -70.068130
v -30.539913 0.000000 -69.596733
v -30.651468 0.000000 -69.109207
v -30.751751 0.000000 -68.588989
v -30.850851 0.000000 -68.020317
v -30.949881 0.000000 -67.404755
v -31.048040 0.000000 -66.751678
v -31.144312 0.000000 -66.071243
v -31.237587 0.000000 -65.373940
v -31.326702 0.000000 -64.670441
v -31.410477 0.000000 -63.971516
v -31.487709 0.000000 -63.287956
v -31.557501 0.000000 -62.628616
v -31.620647 0.000000 -61.991711
v -31.678608 0.000000 -61.371258
v -31.732874 0.000000 -60.760998
v -31.784943 0.000000 -60.154598
v -31.836319 0.000000 -59.545639
v -31.888508 0.000000 -58.927601
v -31.943014 0.000000 -58.293858
v -32.001347 0.000000 -57.637695
v -32.064888 0.000000 -56.954803
v -32.134521 0.000000 -56.250629
v -32.211029 0.000000 -55.532631
v -32.295189 0.000000 -54.808220
v -32.387749 0.000000 -54.084923
v -32.489414 0.000000 -53.370361
v -32.600830 0.000000 -52.672310
v -32.722561 0.000000 -51.998726
v -32.855022 0.000000 -51.357807
v -32.999096 0.000000 -50.757126
v -33.157398 0.000000 -50.200691
v -33.332870 0.000000 -49.689438
v -33.528107 0.000000 -49.223339
v -33.745426 0.000000 -48.801414
v -33.987309 0.000000 -48.421318
v -34.257088 0.000000 -48.079166
v -34.559753 0.000000 -47.769886
v -34.902390 0.000000 -47.488144
v -35.293869 0.000000 -47.226364
v -35.737743 0.000000 -46.978504
v -36.226112 0.000000 -46.746944
v -36.748962 0.000000 -46.533638
v -37.296028 0.000000 -46.339397
v -37.857086 0.000000 -46.164192
v -38.422112 0.000000 -46.007404
v -38.981300 0.000000 -45.868019
v -39.525051 0.000000 -45.744839
v -40.040710 0.000000 -45.643650
v -40.521488 0.000000 -45.577156
v -40.980808 0.000000 -45.552120
v -41.438900 0.000000 -45.573650
v -41.920662 0.000000 -45.648640
v -42.451939 0.000000 -45.788197
v -43.055141 0.000000 -46.007065
v -43.747559 0.000000 -46.321060
v -44.542160 0.000000 -46.744610
v -45.437813 0.000000 -47.278458
v -46.411892 0.000000 -47.904381
v -47.438202 0.000000 -48.600277
v -48.492996 0.000000 -49.344566
v -49.553856 0.000000 -50.116131
v -50.599075 0.000000 -50.894142
v -51.607384 0.000000 -51.657982
v -52.557785 0.000000 -52.387184
v -53.430649 0.000000 -53.062180
v -54.226540 0.000000 -53.676876
v -54.962814 0.000000 -54.236225
v -55.656647 0.000000 -54.744724
v -56.325199 0.000000 -55.206398
v -56.985233 0.000000 -55.624359
v -57.652512 0.000000 -56.000484
v -58.341103 0.000000 -56.335449
v -59.063095 0.000000 -56.629417
v -59.827942 0.000000 -56.882690
v -60.632584 0.000000 -57.092827
v -61.469383 0.000000 -57.256187
v -62.331280 0.000000 -57.368843
v -63.211071 0.000000 -57.426395
v -64.101448 0.000000 -57.424007
v -64.994980 0.000000 -57.356384
v -65.884056 0.000000 -57.217751
v -66.760735 0.000000 -57.001793
v -67.615082 0.000000 -56.703308
v -68.427834 0.000000 -56.330399
v -69.186798 0.000000 -55.895557
v -69.885132 0.000000 -55.408867
v -70.515953 0.000000 -54.879234
v -71.072144 0.000000 -54.314148
v -71.546089 0.000000 -53.719147
v -71.928909 0.000000 -53.096989
v -72.208527 0.000000 -52.446667
v -72.367508 0.000000 -51.767303
v -72.399101 0.000000 -51.090385
v -72.329010 0.000000 -50.448864
v -72.197922 0.000000 -49.848709
v -72.041496 0.000000 -49.278069
v -71.885674 0.000000 -48.718769
v -71.749367 0.000000 -48.152576
v -71.647804 0.000000 -47.561981
v -71.594963 0.000000 -46.929039
v -71.599220 0.000000 -46.230991
v -71.649460 0.000000 -45.447746
v -71.731995 0.000000 -44.599983
v -71.830124 0.000000 -43.713425
v -71.925537 0.000000 -42.810081
v -71.999016 0.000000 -41.908943
v -72.030273 0.000000 -41.025856
v -71.996674 0.000000 -40.172653
v -71.869820 0.000000 -39.356045
v -71.616333 0.000000 -38.582554
v -71.224304 0.000000 -37.878540
v -70.705147 0.000000 -37.265419
v -70.086227 0.000000 -36.748413
v -69.392456 0.000000 -36.311714
v -68.635376 0.000000 -35.928783
v -67.816315 0.000000 -35.573261
v -66.932472 0.000000 -35.222481
v -65.980377 0.000000 -34.857075
v -64.962135 0.000000 -34.464428
v -63.894665 0.000000 -34.044155
v -62.802864 0.000000 -33.599800
v -61.712845 0.000000 -33.135445
v -60.651234 0.000000 -32.655495
v -59.645260 0.000000 -32.164856
v -58.722988 0.000000 -31.669250
v -57.913773 0.000000 -31.176022
v -57.248688 0.000000 -30.695786
v -56.742622 0.000000 -30.238914
v -56.382095 0.000000 -29.809492
v -56.152058 0.000000 -29.414131
v -56.031139 0.000000 -29.054543
v -55.994541 0.000000 -28.719982
v -56.024509 0.000000 -28.386444
v -56.118137 0.000000 -28.027908
v -56.282906 0.000000 -27.629089
v -56.526585 0.000000 -27.187435
v -56.850849 0.000000 -26.709061
v -57.250729 0.000000 -26.204248
v -57.718079 0.000000 -25.682261
v -58.243568 0.000000 -25.150490
v -58.817459 0.000000 -24.614918
v -59.429943 0.000000 -24.080536
v -60.071274 0.000000 -23.551672
v -60.731812 0.000000 -23.032196
v -61.402206 0.000000 -22.525482
v -62.076550 0.000000 -22.031326
v -62.751446 0.000000 -21.546858
v -63.423096 0.000000 -21.069405
v -64.087685 0.000000 -20.596205
v -64.741425 0.000000 -20.124367
v -65.380539 0.000000 -19.650858
v -66.001259 0.000000 -19.172478
v -66.599808 0.000000 -18.685814
v -67.172241 0.000000 -18.187176
v -67.713478 0.000000 -17.671867
v -68.216591 0.000000 -17.134800
v -68.673302 0.000000 -16.570646
v -69.074112 0.000000 -15.973377
v -69.407440 0.000000 -15.336876
v -69.658821 0.000000 -14.656521
v -69.811195 0.000000 -13.931787
v -69.847450 0.000000 -13.168553
v -69.756912 0.000000 -12.382170
v -69.556046 0.000000 -11.609774
v -69.273155 0.000000 -10.864770
v -68.929962 0.000000 -10.147449
v -68.544304 0.000000 -9.459941
v -68.132210 0.000000 -8.806449
v -67.708992 0.000000 -8.192794
v -67.289749 0.000000 -7.625960
v -66.889595 0.000000 -7.113779
v -66.517273 0.000000 -6.659994
v -66.145370 0.000000 -6.244217
v -65.744354 0.000000 -5.854988
v -65.292671 0.000000 -5.493818
v -64.776978 0.000000 -5.168255
v -64.191528 0.000000 -4.884266
v -63.530586 0.000000 -4.639851
v -62.781723 0.000000 -4.426226
v -61.925659 0.000000 -4.232510
v -60.946182 0.000000 -4.050831
v -59.853294 0.000000 -3.883873
v -58.668339 0.000000 -3.738628
v -57.415058 0.000000 -3.622948
v -56.117718 0.000000 -3.545008
v -54.800636 0.000000 -3.513241
v -53.487843 0.000000 -3.536383
v -52.202755 0.000000 -3.623655
v -50.967785 0.000000 -3.785181
v -49.801636 0.000000 -4.027946
v -48.714371 0.000000 -4.345238
v -47.705315 0.000000 -4.727663
v -46.771549 0.000000 -5.165577
v -45.909855 0.000000 -5.648888
v -45.116566 0.000000 -6.167210
v -44.387554 0.000000 -6.710058
v -43.718281 0.000000 -7.266978
v -43.103909 0.000000 -7.827675
v -42.536427 0.000000 -8.388066
v -42.004128 0.000000 -8.954960
v -41.499485 0.000000 -9.532344
v -41.015331 0.000000 -10.123583
v -40.544197 0.000000 -10.732183
v -40.078262 0.000000 -11.361970
v -39.609444 0.000000 -12.017188
v -39.129463 0.000000 -12.702506
v -38.629997 0.000000 -13.422787
v -38.107292 0.000000 -14.173537
v -37.563660 0.000000 -14.937181
v -37.000801 0.000000 -15.696997
v -36.420921 0.000000 -16.435968
v -35.826920 0.000000 -17.136692
v -35.222576 0.000000 -17.781500
v -34.612892 0.000000 -18.352657
v -34.004574 0.000000 -18.832840
v -33.406178 0.000000 -19.206793
v -32.817154 0.000000 -19.480433
v -32.230125 0.000000 -19.672707
v -31.648682 0.000000 -19.792747
v -31.078131 0.000000 -19.848047
v -30.525015 0.000000 -19.845524
v -29.997105 0.000000 -19.792080
v -29.503244 0.000000 -19.695036
v -29.053209 0.000000 -19.562489
v -28.657578 0.000000 -19.403450
v -28.323711 0.000000 -19.223824
v -28.042160 0.000000 -19.022388
v -27.792274 0.000000 -18.790188
v -27.554502 0.000000 -18.512253
v -27.315157 0.000000 -18.171680
v -27.066599 0.000000 -17.754467
v -26.804281 0.000000 -17.251301
v -26.524002 0.000000 -16.656506
v -26.221449 0.000000 -15.967613
v -25.900141 0.000000 -15.198416
v -25.567394 0.000000 -14.370301
v -25.229275 0.000000 -13.502393
v -24.891491 0.000000 -12.613203
v -24.559572 0.000000 -11.720915
v -24.238953 0.000000 -10.843530
v -23.935003 0.000000 -9.998929
v -23.653067 0.000000 -9.204927
v -23.396770 0.000000 -8.476552
v -23.156199 0.000000 -7.806841
v -22.916275 0.000000 -7.183123
v -22.661972 0.000000 -6.596075
v -22.377174 0.000000 -6.038164
v -22.045425 0.000000 -5.505508
v -21.652107 0.000000 -4.999292
v -21.187286 0.000000 -4.524599
v -20.646374 0.000000 -4.086039
v -20.030678 0.000000 -3.684822
v -19.356066 0.000000 -3.321585
v -18.632357 0.000000 -2.991331
v -17.866831 0.000000 -2.690145
v -17.067373 0.000000 -2.416033
v -16.242432 0.000000 -2.168095
v -15.400860 0.000000 -1.946075
v -14.551789 0.000000 -1.750113
v -13.704522 0.000000 -1.580589
v -12.867470 0.000000 -1.438038
v -12.045548 0.000000 -1.323156
v -11.243571 0.000000 -1.236927
v -10.466383 0.000000 -1.180471
v -9.718568 0.000000 -1.155048
v -9.004332 0.000000 -1.162155
v -8.327329 0.000000 -1.203688
v -7.690426 0.000000 -1.282257
v -7.095406 0.000000 -1.401804
v -6.544971 0.000000 -1.565735
v -6.047161 0.000000 -1.769133
v -5.603047 0.000000 -2.004824
v -5.211727 0.000000 -2.264246
v -4.871520 0.000000 -2.537239
v -4.579438 0.000000 -2.812664
v -4.331237 0.000000 -3.079082
v -4.122066 0.000000 -3.325100
v -3.947489 0.000000 -3.539389
v -3.792452 0.000000 -3.733585
v -3.628291 0.000000 -3.956558
v -3.456887 0.000000 -4.227104
v -3.291208 0.000000 -4.549896
v -3.141896 0.000000 -4.923933
v -3.011370 0.000000 -5.351580
v -2.896314 0.000000 -5.842932
v -2.792037 0.000000 -6.413845
v -2.694566 0.000000 -7.082253
v -2.601872 0.000000 -7.848898
v -2.513608 0.000000 -8.690733
v -2.429862 0.000000 -9.583719
v -2.351147 0.000000 -10.502071
v -2.278154 0.000000 -11.419112
v -2.211647 0.000000 -12.307732
v -2.152426 0.000000 -13.140579
v -2.101310 0.000000 -13.890152
v -2.059104 0.000000 -14.529484
v -2.025730 0.000000 -15.051940
v -2.000121 0.000000 -15.474088
v -1.981201 0.000000 -15.813214
v -1.967908 0.000000 -16.086702
v -1.959223 0.000000 -16.311810
v -1.954195 0.000000 -16.504862
v -1.951903 0.000000 -16.680143
v -1.951313 0.000000 -16.850157
v -1.951293 0.000000 -17.028337
v -1.951293 0.000000 -17.225105
v -1.951293 0.000000 -17.442673
v -1.951293 0.000000 -17.680002
v -1.951293 0.000000 -17.935966
v -1.951293 0.000000 -18.209436
v -1.951293 0.000000 -18.499283
v -1.951293 0.000000 -18.804379
v -1.951293 0.000000 -19.123594
v -1.951304 0.000000 -19.456619
v -1.951463 0.000000 -19.812561
v -1.951990 0.000000 -20.206123
v -1.953106 0.000000 -20.651791
v -1.955031 0.000000 -21.164076
v -1.957986 0.000000 -21.757547
v -1.962190 0.000000 -22.446840
v -1.967862 0.000000 -23.246626
v -1.975223 0.000000 -24.171608
v -1.984362 0.000000 -25.232742
v -1.994336 0.000000 -26.411436
v -2.003715 0.000000 -27.675783
v -2.011071 0.000000 -28.993984
v -2.014976 0.000000 -30.334105
v -2.014007 0.000000 -31.664089
v -2.006744 0.000000 -32.951733
v -1.991782 0.000000 -34.164600
v -1.967747 0.000000 -35.269829
v -1.934750 0.000000 -36.241154
v -1.900675 0.000000 -37.093868
v -1.876154 0.000000 -37.852985
v -1.872501 0.000000 -38.542065
v -1.902802 0.000000 -39.185318
v -1.983340 0.000000 -39.804886
v -2.133393 0.000000 -40.415359
v -2.370172 0.000000 -41.018864
v -4.847444 0.000000 -40.965816
v -3.140420 0.000000 -42.169933
v -3.579645 0.000000 -42.730453
v -5.179144 0.000000 -41.373924
v -4.515744 0.000000 -40.557709
v -2.701196 0.000000 -41.609413
v -3.140420 0.000000 -42.169933
v -4.847444 0.000000 -40.965816
v -4.310820 0.000000 -40.223537
v -2.370172 0.000000 -41.018864
v -2.701196 0.000000 -41.609413
v -4.515744 0.000000 -40.557709
vt 0.000001 0.000001
vt 0.999998 0.000001
vt 0.999997 0.999999
vt 0.000002 0.999999
vt 0.000000 0.000000
vt 1.000000 0.000000
vt 1.000000 1.000000
vt 0.000000 1.000000
vt 0.000000 0.000000
vt 1.000000 0.000000
vt 1.000000 1.000000
vt 0.000000 1.000000
vt 0.000000 0.000000
vt 1.000000 0.000000
vt 1.000000 1.000000
vt 0.000000 1.000000
vt 0.000000 0.000000
vt 1.000000 0.000000
vt 1.000000 1.000000
vt 0.000000 1.000000
vt 0.000000 0.000000
vt 1.000000 0.000000
vt 1.000000 1.000000
vt 0.000000 1.000000
vt 0.000000 0.000000
vt 1.000000 0.000000
vt 1.000000 1.000000
vt 0.000000 1.000000
vt 0.000000 0.000000
vt 1.000000 0.000000
vt 1.000000 1.000000
vt 0.000000 1.000000
vt 0.000000 0.000000
vt 1.000000 0.000000
vt 1.000000 1.000000
vt 0.000000 1.000000
vt 0.000000 0.000000
vt 1.000000 0.000000
vt 1.000000 1.000000
vt 0.000000 1.000000
vt 0.000000 0.000000
vt 1.000000 0.000000
vt 1.000000 1.000000
vt 0.000000 1.000000
vt 0.000000 0.000000
vt 1.000000 0.000000
vt 1.000000 1.000000
vt 0.000000 1.000000
vt 0.000000 0.000000
vt 1.000000 0.000000
vt 1.000000 1.000000
vt 0.000000 1.000000
vt 0.000000 0.000000
vt 1.000000 0.000000
vt 1.000000 1.000000
vt 0.000000 1.000000
vt 0.000000 0.000000
vt 1.000000 0.000000
vt 1.000000 1.000000
vt 0.000000 1.000000
vt 0.000000 0.000000
vt 1.000000 0.000000
vt 1.000000 1.000000
vt 0.000000 1.000000
vt 0.000000 0.000000
vt 1.000000 0.000000
vt 1.000000 1.000000
vt 0.000000 1.000000
vt 0.000000 0.000000
vt 1.000000 0.000000
vt 1.000000 1.000000
vt 0.000000 1.000000
vt 0.000000 0.000000
vt 1.000000 0.000000
vt 1.000000 1.000000
vt 0.000000 1.000000
vt 0.000000 0.000000
vt 1.000000 0.000000
vt 1.000000 1.000000
vt 0.000000 1.000000
vt 0.000000 0.000000
vt 1.000000 0.000000
vt 1.000000 1.000000
vt 0.000000 1.000000
vt 0.000000 0.000000
vt 1.000000 0.000000
vt 1.000000 1.000000
vt 0.000000 1.000000
vt 0.000000 0.000000
vt 1.000000 0.000000
vt 1.000000 1.000000
vt 0.000000 1.000000
vt 0.000000 0.000000
vt 1.000000 0.000000
vt 1.000000 1.000000
vt 0.000000 1.000000
vt 0.000000 0.000000
vt 1.000000 0.000000
vt 1.000000 1.000000
vt 0.000000 1.000000
vt 0.000000 0.000000
vt 1.000000 0.000000
vt 1.000000 1.000000
vt 0.000000 1.000000
vt 0.000000 0.000000
vt 1.000000 0.000000
vt 1.000000 1.000000
vt 0.000000 1.000000
vt 0.000000 0.000000
vt 1.000000 0.000000
vt 1.000000 1.000000
vt 0.000000 1.000000
vt 0.000000 0.000000
vt 1.000000 0.000000
vt 1.000000 1.000000
vt 0.000000 1.000000
vt 0.000000 0.000000
vt 1.000000 0.000000
vt 1.000000 1.000000
vt 0.000000 1.000000
vt 0.000000 0.000000
vt 1.000000 0.000000
vt 1.000000 1.000000
vt 0.000000 1.000000
vt 0.000000 0.000000
vt 1.000000 0.000000
vt 1.000000 1.000000
vt 0.000000 1.000000
vt 0.000000 0.000000
vt 1.000000 0.000000
vt 1.000000 1.000000
vt 0.000000 1.000000
vt 0.000000 0.000000
vt 1.000000 0.000000
vt 1.000000 1.000000
vt 0.000000 1.000000
vt 0.000000 0.000000
vt 1.000000 0.000000
vt 1.000000 1.000000
vt 0.000000 1.000000
vt 0.000000 0.000000
vt 1.000000 0.000000
vt 1.000000 1.000000
vt 0.000000 1.000000
vt 0.000000 0.000000
vt 1.000000 0.000000
vt 1.000000 1.000000
vt 0.000000 1.000000
vt 0.000000 0.000000
vt 1.000000 0.000000
vt 1.000000 1.000000
vt 0.000000 1.000000
vt 0.000000 0.000000
vt 1.000000 0.000000
vt 1.000000 1.000000
vt 0.000000 1.000000
vt 0.000000 0.000000
vt 1.000000 0.000000
vt 1.000000 1.000000
vt 0.000000 1.000000
vt 0.000000 0.000000
vt 1.000000 0.000000
vt 1.000000 1.000000
vt 0.000000 1.000000
vt 0.000000 0.000000
vt 1.000000 0.000000
vt 1.000000 1.000000
vt 0.000000 1.000000
vt 0.000000 0.000000
vt 1.000000 0.000000
vt 1.000000 1.000000
vt 0.000000 1.000000
vt 0.000000 0.000000
vt 1.000000 0.000000
vt 1.000000 1.000000
vt 0.000000 1.000000
vt 0.000000 0.000000
vt 1.000000 0.000000
vt 1.000000 1.000000
vt 0.000000 1.000000
vt 0.000000 0.000000
vt 1.000000 0.000000
vt 1.000000 1.000000
vt 0.000000 1.000000
vt 0.000000 0.000000
vt 1.000000 0.000000
vt 1.000000 1.000000
vt 0.000000 1.000000
vt 0.000000 0.000000
vt 1.000000 0.000000
vt 1.000000 1.000000
vt 0.000000 1.000000
vt 0.000000 0.000000
vt 1.000000 0.000000
vt 1.000000 1.000000
vt 0.000000 1.000000
vt 0.000000 0.000000
vt 1.000000 0.000000
vt 1.000000 1.000000
vt 0.000000 1.000000
vt 0.000000 0.000000
vt 1.000000 0.000000
vt 1.000000 1.000000
vt 0.000000 1.000000
vt 0.000000 0.000000
vt 1.000000 0.000000
vt 1.000000 1.000000
vt 0.000000 1.000000
vt 0.000000 0.000000
vt 1.000000 0.000000
vt 1.000000 1.000000
vt 0.000000 1.000000
vt 0.000000 0.000000
vt 1.000000 0.000000
vt 1.000000 1.000000
vt 0.000000 1.000000
vt 0.000000 0.000000
vt 1.000000 0.000000
vt 1.000000 1.000000
vt 0.000000 1.000000
vt 0.000000 0.000000
vt 1.000000 0.000000
vt 1.000000 1.000000
vt 0.000000 1.000000
vt 0.000000 0.000000
vt 1.000000 0.000000
vt 1.000000 1.000000
vt 0.000000 1.000000
vt 0.000000 0.000000
vt 1.000000 0.000000
vt 1.000000 1.000000
vt 0.000000 1.000000
vt 0.000000 0.000000
vt 1.000000 0.000000
vt 1.000000 1.000000
vt 0.000000 1.000000
vt 0.000000 0.000000
vt 1.000000 0.000000
vt 1.000000 1.000000
vt 0.000000 1.000000
vt 0.000000 0.000000
vt 1.000000 0.000000
vt 1.000000 1.000000
vt 0.000000 1.000000
vt 0.000000 0.000000
vt 1.000000 0.000000
vt 1.000000 1.000000
vt 0.000000 1.000000
vt 0.000000 0.000000
vt 1.000000 0.000000
vt 1.000000 1.000000
vt 0.000000 1.000000
vt 0.000000 0.000000
vt 1.000000 0.000000
vt 1.000000 1.000000
vt 0.000000 1.000000
vt 0.000000 0.000000
vt 1.000000 0.000000
vt 1.000000 1.000000
vt 0.000000 1.000000
vt 0.000000 0.000000
vt 1.000000 0.000000
vt 1.000000 1.000000
vt 0.000000 1.000000
vt 0.000000 0.000000
vt 1.000000 0.000000
vt 1.000000 1.000000
vt 0.000000 1.000000
vt 0.000000 0.000000
vt 1.000000 0.000000
vt 1.000000 1.000000
vt 0.000000 1.000000
vt 0.000000 0.000000
vt 1.000000 0.000000
vt 1.000000 1.000000
vt 0.000000 1.000000
vt 0.000000 0.000000
vt 1.000000 0.000000
vt 1.000000 1.000000
vt 0.000000 1.000000
vt 0.000000 0.000000
vt 1.000000 0.000000
vt 1.000000 1.000000
vt 0.000000 1.000000
vt 0.000000 0.000000
vt 1.000000 0.000000
vt 1.000000 1.000000
vt 0.000000 1.000000
vt 0.000000 0.000000
vt 1.000000 0.000000
vt 1.000000 1.000000
vt 0.000000 1.000000
vt 0.000000 0.000000
vt 1.000000 0.000000
vt 1.000000 1.000000
vt 0.000000 1.000000
vt 0.000000 0.000000
vt 1.000000 0.000000
vt 1.000000 1.000000
vt 0.000000 1.000000
vt 0.000000 0.000000
vt 1.000000 0.000000
vt 1.000000 1.000000
vt 0.000000 1.000000
vt 0.000000 0.000000
vt 1.000000 0.000000
vt 1.000000 1.000000
vt 0.000000 1.000000
vt 0.000000 0.000000
vt 1.000000 0.000000
vt 1.000000 1.000000
vt 0.000000 1.000000
vt 0.000000 0.000000
vt 1.000000 0.000000
vt 1.000000 1.000000
vt 0.000000 1.000000
vt 0.000000 0.000000
vt 1.000000 0.000000
vt 1.000000 1.000000
vt 0.000000 1.000000
vt 0.000000 0.000000
vt 1.000000 0.000000
vt 1.000000 1.000000
vt 0.000000 1.000000
vt 0.000000 0.000000
vt 1.000000 0.000000
vt 1.000000 1.000000
vt 0.000000 1.000000
vt 0.000000 0.000000
vt 1.000000 0.000000
vt 1.000000 1.000000
vt 0.000000 1.000000
vt 0.000000 0.000000
vt 1.000000 0.000000
vt 1.000000 1.000000
vt 0.000000 1.000000
vt 0.000000 0.000000
vt 1.000000 0.000000
vt 1.000000 1.000000
vt 0.000000 1.000000
vt 0.000000 0.000000
vt 1.000000 0.000000
vt 1.000000 1.000000
vt 0.000000 1.000000
vt 0.000000 0.000000
vt 1.000000 0.000000
vt 1.000000 1.000000
vt 0.000000 1.000000
vt 0.000000 0.000000
vt 1.000000 0.000000
vt 1.000000 1.000000
vt 0.000000 1.000000
vt 0.000000 0.000000
vt 1.000000 0.000000
vt 1.000000 1.000000
vt 0.000000 1.000000
vt 0.000000 0.000000
vt 1.000000 0.000000
vt 1.000000 1.000000
vt 0.000000 1.000000
vt 0.000000 0.000000
vt 1.000000 0.000000
vt 1.000000 1.000000
vt 0.000000 1.000000
vt 0.000000 0.000000
vt 1.000000 0.000000
vt 1.000000 1.000000
vt 0.000000 1.000000
vt 0.000000 0.000000
vt 1.000000 0.000000
vt 1.000000 1.000000
vt 0.000000 1.000000
vt 0.000000 0.000000
vt 1.000000 0.000000
vt 1.000000 1.000000
vt 0.000000 1.000000
vt 0.000000 0.000000
vt 1.000000 0.000000
vt 1.000000 1.000000
vt 0.000000 1.000000
vt 0.000000 0.000000
vt 1.000000 0.000000
vt 1.000000 1.000000
vt 0.000000 1.000000
vt 0.000000 0.000000
vt 1.000000 0.000000
vt 1.000000 1.000000
vt 0.000000 1.000000
vt 0.000000 0.000000
vt 1.000000 0.000000
vt 1.000000 1.000000
vt 0.000000 1.000000
vt 0.000000 0.000000
vt 1.000000 0.000000
vt 1.000000 1.000000
vt 0.000000 1.000000
vt 0.000000 0.000000
vt 1.000000 0.000000
vt 1.000000 1.000000
vt 0.000000 1.000000
vt 0.000000 0.000000
vt 1.000000 0.000000
vt 1.000000 1.000000
vt 0.000000 1.000000
vt 0.000000 0.000000
vt 1.000000 0.000000
vt 1.000000 1.000000
vt 0.000000 1.000000
vt 0.000000 0.000000
vt 1.000000 0.000000
vt 1.000000 1.000000
vt 0.000000 1.000000
vt 0.000000 0.000000
vt 1.000000 0.000000
vt 1.000000 1.000000
vt 0.000000 1.000000
vt 0.000000 0.000000
vt 1.000000 0.000000
vt 1.000000 1.000000
vt 0.000000 1.000000
vt 0.000000 0.000000
vt 1.000000 0.000000
vt 1.000000 1.000000
vt 0.000000 1.000000
vt 0.000000 0.000000
vt 1.000000 0.000000
vt 1.000000 1.000000
vt 0.000000 1.000000
vt 0.000000 0.000000
vt 1.000000 0.000000
vt 1.000000 1.000000
vt 0.000000 1.000000
vt 0.000000 0.000000
vt 1.000000 0.000000
vt 1.000000 1.000000
vt 0.000000 1.000000
vt 0.000000 0.000000
vt 1.000000 0.000000
vt 1.000000 1.000000
vt 0.000000 1.000000
vt 0.000000 0.000000
vt 1.000000 0.000000
vt 1.000000 1.000000
vt 0.000000 1.000000
vt 0.000000 0.000000
vt 1.000000 0.000000
vt 1.000000 1.000000
vt 0.000000 1.000000
vt 0.000000 0.000000
vt 1.000000 0.000000
vt 1.000000 1.000000
vt 0.000000 1.000000
vt 0.000000 0.000000
vt 1.000000 0.000000
vt 1.000000 1.000000
vt 0.000000 1.000000
vt 0.000000 0.000000
vt 1.000000 0.000000
vt 1.000000 1.000000
vt 0.000000 1.000000
vt 0.000000 0.000000
vt 1.000000 0.000000
vt 1.000000 1.000000
vt 0.000000 1.000000
vt 0.000000 0.000000
vt 1.000000 0.000000
vt 1.000000 1.000000
vt 0.000000 1.000000
vt 0.000000 0.000000
vt 1.000000 0.000000
vt 1.000000 1.000000
vt 0.000000 1.000000
vt 0.000000 0.000000
vt 1.000000 0.000000
vt 1.000000 1.000000
vt 0.000000 1.000000
vt 0.000000 0.000000
vt 1.000000 0.000000
vt 1.000000 1.000000
vt 0.000000 1.000000
vt 0.000000 0.000000
vt 1.000000 0.000000
vt 1.000000 1.000000
vt 0.000000 1.000000
vt 0.000000 0.000000
vt 1.000000 0.000000
vt 1.000000 1.000000
vt 0.000000 1.000000
vt 0.000000 0.000000
vt 1.000000 0.000000
vt 1.000000 1.000000
vt 0.000000 1.000000
vt 0.000000 0.000000
vt 1.000000 0.000000
vt 1.000000 1.000000
vt 0.000000 1.000000
vt 0.000000 0.000000
vt 1.000000 0.000000
vt 1.000000 1.000000
vt 0.000000 1.000000
vt 0.000000 0.000000
vt 1.000000 0.000000
vt 1.000000 1.000000
vt 0.000000 1.000000
vt 0.000000 0.000000
vt 1.000000 0.000000
vt 1.000000 1.000000
vt 0.000000 1.000000
vt 0.000000 0.000000
vt 1.000000 0.000000
vt 1.000000 1.000000
vt 0.000000 1.000000
vt 0.000000 0.000000
vt 1.000000 0.000000
vt 1.000000 1.000000
vt 0.000000 1.000000
vt 0.000000 0.000000
vt 1.000000 0.000000
vt 1.000000 1.000000
vt 0.000000 1.000000
vt 0.000000 0.000000
vt 1.000000 0.000000
vt 1.000000 1.000000
vt 0.000000 1.000000
vt 0.000000 0.000000
vt 1.000000 0.000000
vt 1.000000 1.000000
vt 0.000000 1.000000
vt 0.000000 0.000000
vt 1.000000 0.000000
vt 1.000000 1.000000
vt 0.000000 1.000000
vt 0.000000 0.000000
vt 1.000000 0.000000
vt 1.000000 1.000000
vt 0.000000 1.000000
vt 0.000000 0.000000
vt 1.000000 0.000000
vt 1.000000 1.000000
vt 0.000000 1.000000
vt 0.000000 0.000000
vt 1.000000 0.000000
vt 1.000000 1.000000
vt 0.000000 1.000000
vt 0.000000 0.000000
vt 1.000000 0.000000
vt 1.000000 1.000000
vt 0.000000 1.000000
vt 0.000000 0.000000
vt 1.000000 0.000000
vt 1.000000 1.000000
vt 0.000000 1.000000
vt 0.000000 0.000000
vt 1.000000 0.000000
vt 1.000000 1.000000
vt 0.000000 1.000000
vt 0.000000 0.000000
vt 1.000000 0.000000
vt 1.000000 1.000000
vt 0.000000 1.000000
vt 0.000000 0.000000
vt 1.000000 0.000000
vt 1.000000 1.000000
vt 0.000000 1.000000
vt 0.000000 0.000000
vt 1.000000 0.000000
vt 1.000000 1.000000
vt 0.000000 1.000000
vt 0.000000 0.000000
vt 1.000000 0.000000
vt 1.000000 1.000000
vt 0.000000 1.000000
vt 0.000000 0.000000
vt 1.000000 0.000000
vt 1.000000 1.000000
vt 0.000000 1.000000
vt 0.000000 0.000000
vt 1.000000 0.000000
vt 1.000000 1.000000
vt 0.000000 1.000000
vt 0.000000 0.000000
vt 1.000000 0.000000
vt 1.000000 1.000000
vt 0.000000 1.000000
vt 0.000000 0.000000
vt 1.000000 0.000000
vt 1.000000 1.000000
vt 0.000000 1.000000
vt 0.000000 0.000000
vt 1.000000 0.000000
vt 1.000000 1.000000
vt 0.000000 1.000000
vt 0.000000 0.000000
vt 1.000000 0.000000
vt 1.000000 1.000000
vt 0.000000 1.000000
vt 0.000000 0.000000
vt 1.000000 0.000000
vt 1.000000 1.000000
vt 0.000000 1.000000
vt 0.000000 0.000000
vt 1.000000 0.000000
vt 1.000000 1.000000
vt 0.000000 1.000000
vt 0.000000 0.000000
vt 1.000000 0.000000
vt 1.000000 1.000000
vt 0.000000 1.000000
vt 0.000000 0.000000
vt 1.000000 0.000000
vt 1.000000 1.000000
vt 0.000000 1.000000
vt 0.000000 0.000000
vt 1.000000 0.000000
vt 1.000000 1.000000
vt 0.000000 1.000000
vt 0.000000 0.000000
vt 1.000000 0.000000
vt 1.000000 1.000000
vt 0.000000 1.000000
vt 0.000000 0.000000
vt 1.000000 0.000000
vt 1.000000 1.000000
vt 0.000000 1.000000
vt 0.000000 0.000000
vt 1.000000 0.000000
vt 1.000000 1.000000
vt 0.000000 1.000000
vt 0.000000 0.000000
vt 1.000000 0.000000
vt 1.000000 1.000000
vt 0.000000 1.000000
vt 0.000000 0.000000
vt 1.000000 0.000000
vt 1.000000 1.000000
vt 0.000000 1.000000
vt 0.000000 0.000000
vt 1.000000 0.000000
vt 1.000000 1.000000
vt 0.000000 1.000000
vt 0.000000 0.000000
vt 1.000000 0.000000
vt 1.000000 1.000000
vt 0.000000 1.000000
vt 0.000000 0.000000
vt 1.000000 0.000000
vt 1.000000 1.000000
vt 0.000000 1.000000
vt 0.000000 0.000000
vt 1.000000 0.000000
vt 1.000000 1.000000
vt 0.000000 1.000000
vt 0.000000 0.000000
vt 1.000000 0.000000
vt 1.000000 1.000000
vt 0.000000 1.000000
vt 0.000000 0.000000
vt 1.000000 0.000000
vt 1.000000 1.000000
vt 0.000000 1.000000
vt 0.000000 0.000000
vt 1.000000 0.000000
vt 1.000000 1.000000
vt 0.000000 1.000000
vt 0.000000 0.000000
vt 1.000000 0.000000
vt 1.000000 1.000000
vt 0.000000 1.000000
vt 0.000000 0.000000
vt 1.000000 0.000000
vt 1.000000 1.000000
vt 0.000000 1.000000
vt 0.000000 0.000000
vt 1.000000 0.000000
vt 1.000000 1.000000
vt 0.000000 1.000000
vt 0.000000 0.000000
vt 1.000000 0.000000
vt 1.000000 1.000000
vt 0.000000 1.000000
vt 0.000000 0.000000
vt 1.000000 0.000000
vt 1.000000 1.000000
vt 0.000000 1.000000
vt 0.000000 0.000000
vt 1.000000 0.000000
vt 1.000000 1.000000
vt 0.000000 1.000000
vt 0.000000 0.000000
vt 1.000000 0.000000
vt 1.000000 1.000000
vt 0.000000 1.000000
vt 0.000000 0.000000
vt 1.000000 0.000000
vt 1.000000 1.000000
vt 0.000000 1.000000
vt 0.000000 0.000000
vt 1.000000 0.000000
vt 1.000000 1.000000
vt 0.000000 1.000000
vt 0.000000 0.000000
vt 1.000000 0.000000
vt 1.000000 1.000000
vt 0.000000 1.000000
vt 0.000000 0.000000
vt 1.000000 0.000000
vt 1.000000 1.000000
vt 0.000000 1.000000
vt 0.000000 0.000000
vt 1.000000 0.000000
vt 1.000000 1.000000
vt 0.000000 1.000000
vt 0.000000 0.000000
vt 1.000000 0.000000
vt 1.000000 1.000000
vt 0.000000 1.000000
vt 0.000000 0.000000
vt 1.000000 0.000000
vt 1.000000 1.000000
vt 0.000000 1.000000
vt 0.000000 0.000000
vt 1.000000 0.000000
vt 1.000000 1.000000
vt 0.000000 1.000000
vt 0.000000 0.000000
vt 1.000000 0.000000
vt 1.000000 1.000000
vt 0.000000 1.000000
vt 0.000000 0.000000
vt 1.000000 0.000000
vt 1.000000 1.000000
vt 0.000000 1.000000
vt 0.000000 0.000000
vt 1.000000 0.000000
vt 1.000000 1.000000
vt 0.000000 1.000000
vt 0.000000 0.000000
vt 1.000000 0.000000
vt 1.000000 1.000000
vt 0.000000 1.000000
vt 0.000000 0.000000
vt 1.000000 0.000000
vt 1.000000 1.000000
vt 0.000000 1.000000
vt 0.000000 0.000000
vt 1.000000 0.000000
vt 1.000000 1.000000
vt 0.000000 1.000000
vt 0.000000 0.000000
vt 1.000000 0.000000
vt 1.000000 1.000000
vt 0.000000 1.000000
vt 0.000000 0.000000
vt 1.000000 0.000000
vt 1.000000 1.000000
vt 0.000000 1.000000
vt 0.000000 0.000000
vt 1.000000 0.000000
vt 1.000000 1.000000
vt 0.000000 1.000000
vt 0.000000 0.000000
vt 1.000000 0.000000
vt 1.000000 1.000000
vt 0.000000 1.000000
vt 0.000000 0.000000
vt 1.000000 0.000000
vt 1.000000 1.000000
vt 0.000000 1.000000
vt 0.000000 0.000000
vt 1.000000 0.000000
vt 1.000000 1.000000
vt 0.000000 1.000000
vt 0.000000 0.000000
vt 1.000000 0.000000
vt 1.000000 1.000000
vt 0.000000 1.000000
vt 0.000000 0.000000
vt 1.000000 0.000000
vt 1.000000 1.000000
vt 0.000000 1.000000
vt 0.000000 0.000000
vt 1.000000 0.000000
vt 1.000000 1.000000
vt 0.000000 1.000000
vt 0.000000 0.000000
vt 1.000000 0.000000
vt 1.000000 1.000000
vt 0.000000 1.000000
vt 0.000000 0.000000
vt 1.000000 0.000000
vt 1.000000 1.000000
vt 0.000000 1.000000
vt 0.000000 0.000000
vt 1.000000 0.000000
vt 1.000000 1.000000
vt 0.000000 1.000000
vt 0.000000 0.000000
vt 1.000000 0.000000
vt 1.000000 1.000000
vt 0.000000 1.000000
vt 0.000000 0.000000
vt 1.000000 0.000000
vt 1.000000 1.000000
vt 0.000000 1.000000
vt 0.000000 0.000000
vt 1.000000 0.000000
vt 1.000000 1.000000
vt 0.000000 1.000000
vt 0.000000 0.000000
vt 1.000000 0.000000
vt 1.000000 1.000000
vt 0.000000 1.000000
vt 0.000000 0.000000
vt 1.000000 0.000000
vt 1.000000 1.000000
vt 0.000000 1.000000
vt 0.000000 0.000000
vt 1.000000 0.000000
vt 1.000000 1.000000
vt 0.000000 1.000000
vt 0.000000 0.000000
vt 1.000000 0.000000
vt 1.000000 1.000000
vt 0.000000 1.000000
vt 0.000000 0.000000
vt 1.000000 0.000000
vt 1.000000 1.000000
vt 0.000000 1.000000
vt 0.000000 0.000000
vt 1.000000 0.000000
vt 1.000000 1.000000
vt 0.000000 1.000000
vt 0.000000 0.000000
vt 1.000000 0.000000
vt 1.000000 1.000000
vt 0.000000 1.000000
vt 0.000000 0.000000
vt 1.000000 0.000000
vt 1.000000 1.000000
vt 0.000000 1.000000
vt 0.000000 0.000000
vt 1.000000 0.000000
vt 1.000000 1.000000
vt 0.000000 1.000000
vt 0.000000 0.000000
vt 1.000000 0.000000
vt 1.000000 1.000000
vt 0.000000 1.000000
vt 0.000000 0.000000
vt 1.000000 0.000000
vt 1.000000 1.000000
vt 0.000000 1.000000
vt 0.000000 0.000000
vt 1.000000 0.000000
vt 1.000000 1.000000
vt 0.000000 1.000000
vt 0.000000 0.000000
vt 1.000000 0.000000
vt 1.000000 1.000000
vt 0.000000 1.000000
vt 0.000000 0.000000
vt 1.000000 0.000000
vt 1.000000 1.000000
vt 0.000000 1.000000
vt 0.000000 0.000000
vt 1.000000 0.000000
vt 1.000000 1.000000
vt 0.000000 1.000000
vt 0.000000 0.000000
vt 1.000000 0.000000
vt 1.000000 1.000000
vt 0.000000 1.000000
vt 0.000000 0.000000
vt 1.000000 0.000000
vt 1.000000 1.000000
vt 0.000000 1.000000
vt 0.000000 0.000000
vt 1.000000 0.000000
vt 1.000000 1.000000
vt 0.000000 1.000000
vt 0.000000 0.000000
vt 1.000000 0.000000
vt 1.000000 1.000000
vt 0.000000 1.000000
vt 0.000000 0.000000
vt 1.000000 0.000000
vt 1.000000 1.000000
vt 0.000000 1.000000
vt 0.000000 0.000000
vt 1.000000 0.000000
vt 1.000000 1.000000
vt 0.000000 1.000000
vt 0.000000 0.000000
vt 1.000000 0.000000
vt 1.000000 1.000000
vt 0.000000 1.000000
vt 0.000000 0.000000
vt 1.000000 0.000000
vt 1.000000 1.000000
vt 0.000000 1.000000
vt 0.000000 0.000000
vt 1.000000 0.000000
vt 1.000000 1.000000
vt 0.000000 1.000000
vt 0.000000 0.000000
vt 1.000000 0.000000
vt 1.000000 1.000000
vt 0.000000 1.000000
vt 0.000000 0.000000
vt 1.000000 0.000000
vt 1.000000 1.000000
vt 0.000000 1.000000
vt 0.000000 0.000000
vt 1.000000 0.000000
vt 1.000000 1.000000
vt 0.000000 1.000000
vt 0.000000 0.000000
vt 1.000000 0.000000
vt 1.000000 1.000000
vt 0.000000 1.000000
vt 0.000000 0.000000
vt 1.000000 0.000000
vt 1.000000 1.000000
vt 0.000000 1.000000
vt 0.000000 0.000000
vt 1.000000 0.000000
vt 1.000000 1.000000
vt 0.000000 1.000000
vt 0.000000 0.000000
vt 1.000000 0.000000
vt 1.000000 1.000000
vt 0.000000 1.000000
vt 0.000000 0.000000
vt 1.000000 0.000000
vt 1.000000 1.000000
vt 0.000000 1.000000
vt 0.000000 0.000000
vt 1.000000 0.000000
vt 1.000000 1.000000
vt 0.000000 1.000000
vt 0.000000 0.000000
vt 1.000000 0.000000
vt 1.000000 1.000000
vt 0.000000 1.000000
vt 0.000000 0.000000
vt 1.000000 0.000000
vt 1.000000 1.000000
vt 0.000000 1.000000
vt 0.000000 0.000000
vt 1.000000 0.000000
vt 1.000000 1.000000
vt 0.000000 1.000000
vt 0.000000 0.000000
vt 1.000000 0.000000
vt 1.000000 1.000000
vt 0.000000 1.000000
vt 0.000000 0.000000
vt 1.000000 0.000000
vt 1.000000 1.000000
vt 0.000000 1.000000
vt 0.000000 0.000000
vt 1.000000 0.000000
vt 1.000000 1.000000
vt 0.000000 1.000000
vt 0.000000 0.000000
vt 1.000000 0.000000
vt 1.000000 1.000000
vt 0.000000 1.000000
vt 0.000000 0.000000
vt 1.000000 0.000000
vt 1.000000 1.000000
vt 0.000000 1.000000
vt 0.000000 0.000000
vt 1.000000 0.000000
vt 1.000000 1.000000
vt 0.000000 1.000000
vt 0.000000 0.000000
vt 1.000000 0.000000
vt 1.000000 1.000000
vt 0.000000 1.000000
vt 0.000000 0.000000
vt 1.000000 0.000000
vt 1.000000 1.000000
vt 0.000000 1.000000
vt 0.000000 0.000000
vt 1.000000 0.000000
vt 1.000000 1.000000
vt 0.000000 1.000000
vt 0.000000 0.000000
vt 1.000000 0.000000
vt 1.000000 1.000000
vt 0.000000 1.000000
vt 0.000000 0.000000
vt 1.000000 0.000000
vt 1.000000 1.000000
vt 0.000000 1.000000
vt 0.000000 0.000000
vt 1.000000 0.000000
vt 1.000000 1.000000
vt 0.000000 1.000000
vt 0.000000 0.000000
vt 1.000000 0.000000
vt 1.000000 1.000000
vt 0.000000 1.000000
vt 0.000000 0.000000
vt 1.000000 0.000000
vt 1.000000 1.000000
vt 0.000000 1.000000
vt 0.000000 0.000000
vt 1.000000 0.000000
vt 1.000000 1.000000
vt 0.000000 1.000000
vt 0.000000 0.000000
vt 1.000000 0.000000
vt 1.000000 1.000000
vt 0.000000 1.000000
vt 0.000000 0.000000
vt 1.000000 0.000000
vt 1.000000 1.000000
vt 0.000000 1.000000
vt 0.000000 0.000000
vt 1.000000 0.000000
vt 1.000000 1.000000
vt 0.000000 1.000000
vt 0.000000 0.000000
vt 1.000000 0.000000
vt 1.000000 1.000000
vt 0.000000 1.000000
vt 0.000000 0.000000
vt 1.000000 0.000000
vt 1.000000 1.000000
vt 0.000000 1.000000
vt 0.000000 0.000000
vt 1.000000 0.000000
vt 1.000000 1.000000
vt 0.000000 1.000000
vt 0.000000 0.000000
vt 1.000000 0.000000
vt 1.000000 1.000000
vt 0.000000 1.000000
vt 0.000000 0.000000
vt 1.000000 0.000000
vt 1.000000 1.000000
vt 0.000000 1.000000
vt 0.000000 0.000000
vt 1.000000 0.000000
vt 1.000000 1.000000
vt 0.000000 1.000000
vt 0.000000 0.000000
vt 1.000000 0.000000
vt 1.000000 1.000000
vt 0.000000 1.000000
vt 0.000000 0.000000
vt 1.000000 0.000000
vt 1.000000 1.000000
vt 0.000000 1.000000
vt 0.000000 0.000000
vt 1.000000 0.000000
vt 1.000000 1.000000
vt 0.000000 1.000000
vt 0.000000 0.000000
vt 1.000000 0.000000
vt 1.000000 1.000000
vt 0.000000 1.000000
vt 0.000000 0.000000
vt 1.000000 0.000000
vt 1.000000 1.000000
vt 0.000000 1.000000
vt 0.000000 0.000000
vt 1.000000 0.000000
vt 1.000000 1.000000
vt 0.000000 1.000000
vt 0.000000 0.000000
vt 1.000000 0.000000
vt 1.000000 1.000000
vt 0.000000 1.000000
vt 0.000000 0.000000
vt 1.000000 0.000000
vt 1.000000 1.000000
vt 0.000000 1.000000
vt 0.000000 0.000000
vt 1.000000 0.000000
vt 1.000000 1.000000
vt 0.000000 1.000000
vt 0.000000 0.000000
vt 1.000000 0.000000
vt 1.000000 1.000000
vt 0.000000 1.000000
vt 0.000000 0.000000
vt 1.000000 0.000000
vt 1.000000 1.000000
vt 0.000000 1.000000
vt 0.000000 0.000000
vt 1.000000 0.000000
vt 1.000000 1.000000
vt 0.000000 1.000000
vt 0.000000 0.000000
vt 1.000000 0.000000
vt 1.000000 1.000000
vt 0.000000 1.000000
vt 0.000000 0.000000
vt 1.000000 0.000000
vt 1.000000 1.000000
vt 0.000000 1.000000
vt 0.000000 0.000000
vt 1.000000 0.000000
vt 1.000000 1.000000
vt 0.000000 1.000000
vt 0.000000 0.000000
vt 1.000000 0.000000
vt 1.000000 1.000000
vt 0.000000 1.000000
vt 0.000000 0.000000
vt 1.000000 0.000000
vt 1.000000 1.000000
vt 0.000000 1.000000
vt 0.000000 0.000000
vt 1.000000 0.000000
vt 1.000000 1.000000
vt 0.000000 1.000000
vt 0.000000 0.000000
vt 1.000000 0.000000
vt 1.000000 1.000000
vt 0.000000 1.000000
vt 0.000000 0.000000
vt 1.000000 0.000000
vt 1.000000 1.000000
vt 0.000000 1.000000
vt 0.000000 0.000000
vt 1.000000 0.000000
vt 1.000000 1.000000
vt 0.000000 1.000000
vt 0.000000 0.000000
vt 1.000000 0.000000
vt 1.000000 1.000000
vt 0.000000 1.000000
vt 0.000000 0.000000
vt 1.000000 0.000000
vt 1.000000 1.000000
vt 0.000000 1.000000
vt 0.000000 0.000000
vt 1.000000 0.000000
vt 1.000000 1.000000
vt 0.000000 1.000000
vt 0.000000 0.000000
vt 1.000000 0.000000
vt 1.000000 1.000000
vt 0.000000 1.000000
vt 0.000000 0.000000
vt 1.000000 0.000000
vt 1.000000 1.000000
vt 0.000000 1.000000
vt 0.000000 0.000000
vt 1.000000 0.000000
vt 1.000000 1.000000
vt 0.000000 1.000000
vt 0.000000 0.000000
vt 1.000000 0.000000
vt 1.000000 1.000000
vt 0.000000 1.000000
vt 0.000000 0.000000
vt 1.000000 0.000000
vt 1.000000 1.000000
vt 0.000000 1.000000
vt 0.000000 0.000000
vt 1.000000 0.000000
vt 1.000000 1.000000
vt 0.000000 1.000000
vt 0.000000 0.000000
vt 1.000000 0.000000
vt 1.000000 1.000000
vt 0.000000 1.000000
vt 0.000000 0.000000
vt 1.000000 0.000000
vt 1.000000 1.000000
vt 0.000000 1.000000
vt 0.000000 0.000000
vt 1.000000 0.000000
vt 1.000000 1.000000
vt 0.000000 1.000000
vt 0.000000 0.000000
vt 1.000000 0.000000
vt 1.000000 1.000000
vt 0.000000 1.000000
vt 0.000000 0.000000
vt 1.000000 0.000000
vt 1.000000 1.000000
vt 0.000000 1.000000
vt 0.000000 0.000000
vt 1.000000 0.000000
vt 1.000000 1.000000
vt 0.000000 1.000000
vt 0.000000 0.000000
vt 1.000000 0.000000
vt 1.000000 1.000000
vt 0.000000 1.000000
vt 0.000000 0.000000
vt 1.000000 0.000000
vt 1.000000 1.000000
vt 0.000000 1.000000
vt 0.000000 0.000000
vt 1.000000 0.000000
vt 1.000000 1.000000
vt 0.000000 1.000000
vt 0.000000 0.000000
vt 1.000000 0.000000
vt 1.000000 1.000000
vt 0.000000 1.000000
vt 0.000000 0.000000
vt 1.000000 0.000000
vt 1.000000 1.000000
vt 0.000000 1.000000
vt 0.000000 0.000000
vt 1.000000 0.000000
vt 1.000000 1.000000
vt 0.000000 1.000000
vt 0.000000 0.000000
vt 1.000000 0.000000
vt 1.000000 1.000000
vt 0.000000 1.000000
vt 0.000000 0.000000
vt 1.000000 0.000000
vt 1.000000 1.000000
vt 0.000000 1.000000
vt 0.000000 0.000000
vt 1.000000 0.000000
vt 1.000000 1.000000
vt 0.000000 1.000000
vt 0.000000 0.000000
vt 1.000000 0.000000
vt 1.000000 1.000000
vt 0.000000 1.000000
vt 0.000000 0.000000
vt 1.000000 0.000000
vt 1.000000 1.000000
vt 0.000000 1.000000
vt 0.000000 0.000000
vt 1.000000 0.000000
vt 1.000000 1.000000
vt 0.000000 1.000000
vt 0.000000 0.000000
vt 1.000000 0.000000
vt 1.000000 1.000000
vt 0.000000 1.000000
vt 0.000000 0.000000
vt 1.000000 0.000000
vt 1.000000 1.000000
vt 0.000000 1.000000
vt 0.000000 0.000000
vt 1.000000 0.000000
vt 1.000000 1.000000
vt 0.000000 1.000000
vt 0.000000 0.000000
vt 1.000000 0.000000
vt 1.000000 1.000000
vt 0.000000 1.000000
vt 0.000000 0.000000
vt 1.000000 0.000000
vt 1.000000 1.000000
vt 0.000000 1.000000
vt 0.000000 0.000000
vt 1.000000 0.000000
vt 1.000000 1.000000
vt 0.000000 1.000000
vt 0.000000 0.000000
vt 1.000000 0.000000
vt 1.000000 1.000000
vt 0.000000 1.000000
vt 0.000000 0.000000
vt 1.000000 0.000000
vt 1.000000 1.000000
vt 0.000000 1.000000
vt 0.000000 0.000000
vt 1.000000 0.000000
vt 1.000000 1.000000
vt 0.000000 1.000000
vt 0.000000 0.000000
vt 1.000000 0.000000
vt 1.000000 1.000000
vt 0.000000 1.000000
vt 0.000000 0.000000
vt 1.000000 0.000000
vt 1.000000 1.000000
vt 0.000000 1.000000
vt 0.000000 0.000000
vt 1.000000 0.000000
vt 1.000000 1.000000
vt 0.000000 1.000000
vt 0.000000 0.000000
vt 1.000000 0.000000
vt 1.000000 1.000000
vt 0.000000 1.000000
vt 0.000000 0.000000
vt 1.000000 0.000000
vt 1.000000 1.000000
vt 0.000000 1.000000
vt 0.000000 0.000000
vt 1.000000 0.000000
vt 1.000000 1.000000
vt 0.000000 1.000000
vt 0.000000 0.000000
vt 1.000000 0.000000
vt 1.000000 1.000000
vt 0.000000 1.000000
vt 0.000000 0.000000
vt 1.000000 0.000000
vt 1.000000 1.000000
vt 0.000000 1.000000
vt 0.000000 0.000000
vt 1.000000 0.000000
vt 1.000000 1.000000
vt 0.000000 1.000000
vt 0.000000 0.000000
vt 1.000000 0.000000
vt 1.000000 1.000000
vt 0.000000 1.000000
vt 0.000000 0.000000
vt 1.000000 0.000000
vt 1.000000 1.000000
vt 0.000000 1.000000
vt 0.000000 0.000000
vt 1.000000 0.000000
vt 1.000000 1.000000
vt 0.000000 1.000000
vt 0.000000 0.000000
vt 1.000000 0.000000
vt 1.000000 1.000000
vt 0.000000 1.000000
vt 0.000000 0.000000
vt 1.000000 0.000000
vt 1.000000 1.000000
vt 0.000000 1.000000
vt 0.000000 0.000000
vt 1.000000 0.000000
vt 1.000000 1.000000
vt 0.000000 1.000000
vt 0.000000 0.000000
vt 1.000000 0.000000
vt 1.000000 1.000000
vt 0.000000 1.000000
vt 0.000000 0.000000
vt 1.000000 0.000000
vt 1.000000 1.000000
vt 0.000000 1.000000
vt 0.000000 0.000000
vt 1.000000 0.000000
vt 1.000000 1.000000
vt 0.000000 1.000000
vt 0.000000 0.000000
vt 1.000000 0.000000
vt 1.000000 1.000000
vt 0.000000 1.000000
vt 0.000000 0.000000
vt 1.000000 0.000000
vt 1.000000 1.000000
vt 0.000000 1.000000
vt 0.000000 0.000000
vt 1.000000 0.000000
vt 1.000000 1.000000
vt 0.000000 1.000000
vt 0.000000 0.000000
vt 1.000000 0.000000
vt 1.000000 1.000000
vt 0.000000 1.000000
vt 0.000000 0.000000
vt 1.000000 0.000000
vt 1.000000 1.000000
vt 0.000000 1.000000
vt 0.000000 0.000000
vt 1.000000 0.000000
vt 1.000000 1.000000
vt 0.000000 1.000000
vt 0.000000 0.000000
vt 1.000000 0.000000
vt 1.000000 1.000000
vt 0.000000 1.000000
vt 0.000000 0.000000
vt 1.000000 0.000000
vt 1.000000 1.000000
vt 0.000000 1.000000
vt 0.000000 0.000000
vt 1.000000 0.000000
vt 1.000000 1.000000
vt 0.000000 1.000000
vt 0.000000 0.000000
vt 1.000000 0.000000
vt 1.000000 1.000000
vt 0.000000 1.000000
vt 0.000000 0.000000
vt 1.000000 0.000000
vt 1.000000 1.000000
vt 0.000000 1.000000
vt 0.000000 0.000000
vt 1.000000 0.000000
vt 1.000000 1.000000
vt 0.000000 1.000000
vt 0.000000 0.000000
vt 1.000000 0.000000
vt 1.000000 1.000000
vt 0.000000 1.000000
vt 0.000000 0.000000
vt 1.000000 0.000000
vt 1.000000 1.000000
vt 0.000000 1.000000
vt 0.000000 0.000000
vt 1.000000 0.000000
vt 1.000000 1.000000
vt 0.000000 1.000000
vt 0.000000 0.000000
vt 1.000000 0.000000
vt 1.000000 1.000000
vt 0.000000 1.000000
vt 0.000000 0.000000
vt 1.000000 0.000000
vt 1.000000 1.000000
vt 0.000000 1.000000
vt 0.000000 0.000000
vt 1.000000 0.000000
vt 1.000000 1.000000
vt 0.000000 1.000000
vt 0.000000 0.000000
vt 1.000000 0.000000
vt 1.000000 1.000000
vt 0.000000 1.000000
vt 0.000000 0.000000
vt 1.000000 0.000000
vt 1.000000 1.000000
vt 0.000000 1.000000
vt 0.000000 0.000000
vt 1.000000 0.000000
vt 1.000000 1.000000
vt 0.000000 1.000000
vt 0.000000 0.000000
vt 1.000000 0.000000
vt 1.000000 1.000000
vt 0.000000 1.000000
vt 0.000000 0.000000
vt 1.000000 0.000000
vt 1.000000 1.000000
vt 0.000000 1.000000
vt 0.000000 0.000000
vt 1.000000 0.000000
vt 1.000000 1.000000
vt 0.000000 1.000000
vt 0.000000 0.000000
vt 1.000000 0.000000
vt 1.000000 1.000000
vt 0.000000 1.000000
vt 0.000000 0.000000
vt 1.000000 0.000000
vt 1.000000 1.000000
vt 0.000000 1.000000
vt 0.000000 0.000000
vt 1.000000 0.000000
vt 1.000000 1.000000
vt 0.000000 1.000000
vt 0.000000 0.000000
vt 1.000000 0.000000
vt 1.000000 1.000000
vt 0.000000 1.000000
vt 0.000000 0.000000
vt 1.000000 0.000000
vt 1.000000 1.000000
vt 0.000000 1.000000
vt 0.000000 0.000000
vt 1.000000 0.000000
vt 1.000000 1.000000
vt 0.000000 1.000000
vt 0.000000 0.000000
vt 1.000000 0.000000
vt 1.000000 1.000000
vt 0.000000 1.000000
vt 0.000000 0.000000
vt 1.000000 0.000000
vt 1.000000 1.000000
vt 0.000000 1.000000
vt 0.000000 0.000000
vt 1.000000 0.000000
vt 1.000000 1.000000
vt 0.000000 1.000000
vt 0.000000 0.000000
vt 1.000000 0.000000
vt 1.000000 1.000000
vt 0.000000 1.000000
vt 0.000000 0.000000
vt 1.000000 0.000000
vt 1.000000 1.000000
vt 0.000000 1.000000
vt 0.000000 0.000000
vt 1.000000 0.000000
vt 1.000000 1.000000
vt 0.000000 1.000000
vt 0.000000 0.000000
vt 1.000000 0.000000
vt 1.000000 1.000000
vt 0.000000 1.000000
vt 0.000000 0.000000
vt 1.000000 0.000000
vt 1.000000 1.000000
vt 0.000000 1.000000
vt 0.000000 0.000000
vt 1.000000 0.000000
vt 1.000000 1.000000
vt 0.000000 1.000000
vt 0.000000 0.000000
vt 1.000000 0.000000
vt 1.000000 1.000000
vt 0.000000 1.000000
vt 0.000000 0.000000
vt 1.000000 0.000000
vt 1.000000 1.000000
vt 0.000000 1.000000
vt 0.000000 0.000000
vt 1.000000 0.000000
vt 1.000000 1.000000
vt 0.000000 1.000000
vt 0.000000 0.000000
vt 1.000000 0.000000
vt 1.000000 1.000000
vt 0.000000 1.000000
vt 0.000000 0.000000
vt 1.000000 0.000000
vt 1.000000 1.000000
vt 0.000000 1.000000
vt 0.000000 0.000000
vt 1.000000 0.000000
vt 1.000000 1.000000
vt 0.000000 1.000000
vt 0.000000 0.000000
vt 1.000000 0.000000
vt 1.000000 1.000000
vt 0.000000 1.000000
vt 0.000000 0.000000
vt 1.000000 0.000000
vt 1.000000 1.000000
vt 0.000000 1.000000
vt 0.000000 0.000000
vt 1.000000 0.000000
vt 1.000000 1.000000
vt 0.000000 1.000000
vt 0.000000 0.000000
vt 1.000000 0.000000
vt 1.000000 1.000000
vt 0.000000 1.000000
vt 0.000000 0.000000
vt 1.000000 0.000000
vt 1.000000 1.000000
vt 0.000000 1.000000
vt 0.000000 0.000000
vt 1.000000 0.000000
vt 1.000000 1.000000
vt 0.000000 1.000000
vt 0.000000 0.000000
vt 1.000000 0.000000
vt 1.000000 1.000000
vt 0.000000 1.000000
vt 0.000000 0.000000
vt 1.000000 0.000000
vt 1.000000 1.000000
vt 0.000000 1.000000
vt 0.000000 0.000000
vt 1.000000 0.000000
vt 1.000000 1.000000
vt 0.000000 1.000000
vt 0.000000 0.000000
vt 1.000000 0.000000
vt 1.000000 1.000000
vt 0.000000 1.000000
vt 0.000000 0.000000
vt 1.000000 0.000000
vt 1.000000 1.000000
vt 0.000000 1.000000
vt 0.000000 0.000000
vt 1.000000 0.000000
vt 1.000000 1.000000
vt 0.000000 1.000000
vt 0.000000 0.000000
vt 1.000000 0.000000
vt 1.000000 1.000000
vt 0.000000 1.000000
vt 0.000000 0.000000
vt 1.000000 0.000000
vt 1.000000 1.000000
vt 0.000000 1.000000
vt 0.000000 0.000000
vt 1.000000 0.000000
vt 1.000000 1.000000
vt 0.000000 1.000000
vt 0.000000 0.000000
vt 0.999999 0.000000
vt 0.999998 0.999998
vt 0.000000 1.000000
vt 0.000003 0.999999
vt 0.000001 0.000001
vt 1.000000 0.000003
vt 0.999998 1.000000
vt 0.000001 0.000002
vt 1.000000 0.000002
vt 0.999999 0.999999
vt 0.000002 0.999999
vn 0.000000 1.000000 0.000000
# usemtl lambert2SG
f 1/1/1 399/2/1 400/3/1 2/4/1
f 2/5/1 400/6/1 401/7/1 3/8/1
f 3/9/1 401/10/1 402/11/1 4/12/1
f 4/13/1 402/14/1 403/15/1 5/16/1
f 5/17/1 403/18/1 404/19/1 6/20/1
f 6/21/1 404/22/1 405/23/1 7/24/1
f 7/25/1 405/26/1 406/27/1 8/28/1
f 8/29/1 406/30/1 407/31/1 9/32/1
f 9/33/1 407/34/1 408/35/1 10/36/1
f 10/37/1 408/38/1 409/39/1 11/40/1
f 11/41/1 409/42/1 410/43/1 12/44/1
f 12/45/1 410/46/1 411/47/1 13/48/1
f 13/49/1 411/50/1 412/51/1 14/52/1
f 14/53/1 412/54/1 413/55/1 15/56/1
f 15/57/1 413/58/1 414/59/1 16/60/1
f 16/61/1 414/62/1 415/63/1 17/64/1
f 17/65/1 415/66/1 416/67/1 18/68/1
f 18/69/1 416/70/1 417/71/1 19/72/1
f 19/73/1 417/74/1 418/75/1 20/76/1
f 20/77/1 418/78/1 419/79/1 21/80/1
f 21/81/1 419/82/1 420/83/1 22/84/1
f 22/85/1 420/86/1 421/87/1 23/88/1
f 23/89/1 421/90/1 422/91/1 24/92/1
f 24/93/1 422/94/1 423/95/1 25/96/1
f 25/97/1 423/98/1 424/99/1 26/100/1
f 26/101/1 424/102/1 425/103/1 27/104/1
f 27/105/1 425/106/1 426/107/1 28/108/1
f 28/109/1 426/110/1 427/111/1 29/112/1
f 29/113/1 427/114/1 428/115/1 30/116/1
f 30/117/1 428/118/1 429/119/1 31/120/1
f 31/121/1 429/122/1 430/123/1 32/124/1
f 32/125/1 430/126/1 431/127/1 33/128/1
f 33/129/1 431/130/1 432/131/1 34/132/1
f 34/133/1 432/134/1 433/135/1 35/136/1
f 35/137/1 433/138/1 434/139/1 36/140/1
f 36/141/1 434/142/1 435/143/1 37/144/1
f 37/145/1 435/146/1 436/147/1 38/148/1
f 38/149/1 436/150/1 437/151/1 39/152/1
f 39/153/1 437/154/1 438/155/1 40/156/1
f 40/157/1 438/158/1 439/159/1 41/160/1
f 41/161/1 439/162/1 440/163/1 42/164/1
f 42/165/1 440/166/1 441/167/1 43/168/1
f 43/169/1 441/170/1 442/171/1 44/172/1
f 44/173/1 442/174/1 443/175/1 45/176/1
f 45/177/1 443/178/1 444/179/1 46/180/1
f 46/181/1 444/182/1 445/183/1 47/184/1
f 47/185/1 445/186/1 446/187/1 48/188/1
f 48/189/1 446/190/1 447/191/1 49/192/1
f 49/193/1 447/194/1 448/195/1 50/196/1
f 50/197/1 448/198/1 449/199/1 51/200/1
f 51/201/1 449/202/1 450/203/1 52/204/1
f 52/205/1 450/206/1 451/207/1 53/208/1
f 53/209/1 451/210/1 452/211/1 54/212/1
f 54/213/1 452/214/1 453/215/1 55/216/1
f 55/217/1 453/218/1 454/219/1 56/220/1
f 56/221/1 454/222/1 455/223/1 57/224/1
f 57/225/1 455/226/1 456/227/1 58/228/1
f 58/229/1 456/230/1 457/231/1 59/232/1
f 59/233/1 457/234/1 458/235/1 60/236/1
f 60/237/1 458/238/1 459/239/1 61/240/1
f 61/241/1 459/242/1 460/243/1 62/244/1
f 62/245/1 460/246/1 461/247/1 63/248/1
f 63/249/1 461/250/1 462/251/1 64/252/1
f 64/253/1 462/254/1 463/255/1 65/256/1
f 65/257/1 463/258/1 464/259/1 66/260/1
f 66/261/1 464/262/1 465/263/1 67/264/1
f 67/265/1 465/266/1 466/267/1 68/268/1
f 68/269/1 466/270/1 467/271/1 69/272/1
f 69/273/1 467/274/1 468/275/1 70/276/1
f 70/277/1 468/278/1 469/279/1 71/280/1
f 71/281/1 469/282/1 470/283/1 72/284/1
f 72/285/1 470/286/1 471/287/1 73/288/1
f 73/289/1 471/290/1 472/291/1 74/292/1
f 74/293/1 472/294/1 473/295/1 75/296/1
f 75/297/1 473/298/1 474/299/1 76/300/1
f 76/301/1 474/302/1 475/303/1 77/304/1
f 77/305/1 475/306/1 476/307/1 78/308/1
f 78/309/1 476/310/1 477/311/1 79/312/1
f 79/313/1 477/314/1 478/315/1 80/316/1
f 80/317/1 478/318/1 479/319/1 81/320/1
f 81/321/1 479/322/1 480/323/1 82/324/1
f 82/325/1 480/326/1 481/327/1 83/328/1
f 83/329/1 481/330/1 482/331/1 84/332/1
f 84/333/1 482/334/1 483/335/1 85/336/1
f 85/337/1 483/338/1 484/339/1 86/340/1
f 86/341/1 484/342/1 485/343/1 87/344/1
f 87/345/1 485/346/1 486/347/1 88/348/1
f 88/349/1 486/350/1 487/351/1 89/352/1
f 89/353/1 487/354/1 488/355/1 90/356/1
f 90/357/1 488/358/1 489/359/1 91/360/1
f 91/361/1 489/362/1 490/363/1 92/364/1
f 92/365/1 490/366/1 491/367/1 93/368/1
f 93/369/1 491/370/1 492/371/1 94/372/1
f 94/373/1 492/374/1 493/375/1 95/376/1
f 95/377/1 493/378/1 494/379/1 96/380/1
f 96/381/1 494/382/1 495/383/1 97/384/1
f 97/385/1 495/386/1 496/387/1 98/388/1
f 98/389/1 496/390/1 497/391/1 99/392/1
f 99/393/1 497/394/1 498/395/1 100/396/1
f 100/397/1 498/398/1 499/399/1 101/400/1
f 101/401/1 499/402/1 500/403/1 102/404/1
f 102/405/1 500/406/1 501/407/1 103/408/1
f 103/409/1 501/410/1 502/411/1 104/412/1
f 104/413/1 502/414/1 503/415/1 105/416/1
f 105/417/1 503/418/1 504/419/1 106/420/1
f 106/421/1 504/422/1 505/423/1 107/424/1
f 107/425/1 505/426/1 506/427/1 108/428/1
f 108/429/1 506/430/1 507/431/1 109/432/1
f 109/433/1 507/434/1 508/435/1 110/436/1
f 110/437/1 508/438/1 509/439/1 111/440/1
f 111/441/1 509/442/1 510/443/1 112/444/1
f 112/445/1 510/446/1 511/447/1 113/448/1
f 113/449/1 511/450/1 512/451/1 114/452/1
f 114/453/1 512/454/1 513/455/1 115/456/1
f 115/457/1 513/458/1 514/459/1 116/460/1
f 116/461/1 514/462/1 515/463/1 117/464/1
f 117/465/1 515/466/1 516/467/1 118/468/1
f 118/469/1 516/470/1 517/471/1 119/472/1
f 119/473/1 517/474/1 518/475/1 120/476/1
f 120/477/1 518/478/1 519/479/1 121/480/1
f 121/481/1 519/482/1 520/483/1 122/484/1
f 122/485/1 520/486/1 521/487/1 123/488/1
f 123/489/1 521/490/1 522/491/1 124/492/1
f 124/493/1 522/494/1 523/495/1 125/496/1
f 125/497/1 523/498/1 524/499/1 126/500/1
f 126/501/1 524/502/1 525/503/1 127/504/1
f 127/505/1 525/506/1 526/507/1 128/508/1
f 128/509/1 526/510/1 527/511/1 129/512/1
f 129/513/1 527/514/1 528/515/1 130/516/1
f 130/517/1 528/518/1 529/519/1 131/520/1
f 131/521/1 529/522/1 530/523/1 132/524/1
f 132/525/1 530/526/1 531/527/1 133/528/1
f 133/529/1 531/530/1 532/531/1 134/532/1
f 134/533/1 532/534/1 533/535/1 135/536/1
f 135/537/1 533/538/1 534/539/1 136/540/1
f 136/541/1 534/542/1 535/543/1 137/544/1
f 137/545/1 535/546/1 536/547/1 138/548/1
f 138/549/1 536/550/1 537/551/1 139/552/1
f 139/553/1 537/554/1 538/555/1 140/556/1
f 140/557/1 538/558/1 539/559/1 141/560/1
f 141/561/1 539/562/1 540/563/1 142/564/1
f 142/565/1 540/566/1 541/567/1 143/568/1
f 143/569/1 541/570/1 542/571/1 144/572/1
f 144/573/1 542/574/1 543/575/1 145/576/1
f 145/577/1 543/578/1 544/579/1 146/580/1
f 146/581/1 544/582/1 545/583/1 147/584/1
f 147/585/1 545/586/1 546/587/1 148/588/1
f 148/589/1 546/590/1 547/591/1 149/592/1
f 149/593/1 547/594/1 548/595/1 150/596/1
f 150/597/1 548/598/1 549/599/1 151/600/1
f 151/601/1 549/602/1 550/603/1 152/604/1
f 152/605/1 550/606/1 551/607/1 153/608/1
f 153/609/1 551/610/1 552/611/1 154/612/1
f 154/613/1 552/614/1 553/615/1 155/616/1
f 155/617/1 553/618/1 554/619/1 156/620/1
f 156/621/1 554/622/1 555/623/1 157/624/1
f 157/625/1 555/626/1 556/627/1 158/628/1
f 158/629/1 556/630/1 557/631/1 159/632/1
f 159/633/1 557/634/1 558/635/1 160/636/1
f 160/637/1 558/638/1 559/639/1 161/640/1
f 161/641/1 559/642/1 560/643/1 162/644/1
f 162/645/1 560/646/1 561/647/1 163/648/1
f 163/649/1 561/650/1 562/651/1 164/652/1
f 164/653/1 562/654/1 563/655/1 165/656/1
f 165/657/1 563/658/1 564/659/1 166/660/1
f 166/661/1 564/662/1 565/663/1 167/664/1
f 167/665/1 565/666/1 566/667/1 168/668/1
f 168/669/1 566/670/1 567/671/1 169/672/1
f 169/673/1 567/674/1 568/675/1 170/676/1
f 170/677/1 568/678/1 569/679/1 171/680/1
f 171/681/1 569/682/1 570/683/1 172/684/1
f 172/685/1 570/686/1 571/687/1 173/688/1
f 173/689/1 571/690/1 572/691/1 174/692/1
f 174/693/1 572/694/1 573/695/1 175/696/1
f 175/697/1 573/698/1 574/699/1 176/700/1
f 176/701/1 574/702/1 575/703/1 177/704/1
f 177/705/1 575/706/1 576/707/1 178/708/1
f 178/709/1 576/710/1 577/711/1 179/712/1
f 179/713/1 577/714/1 578/715/1 180/716/1
f 180/717/1 578/718/1 579/719/1 181/720/1
f 181/721/1 579/722/1 580/723/1 182/724/1
f 182/725/1 580/726/1 581/727/1 183/728/1
f 183/729/1 581/730/1 582/731/1 184/732/1
f 184/733/1 582/734/1 583/735/1 185/736/1
f 185/737/1 583/738/1 584/739/1 186/740/1
f 186/741/1 584/742/1 585/743/1 187/744/1
f 187/745/1 585/746/1 586/747/1 188/748/1
f 188/749/1 586/750/1 587/751/1 189/752/1
f 189/753/1 587/754/1 588/755/1 190/756/1
f 190/757/1 588/758/1 589/759/1 191/760/1
f 191/761/1 589/762/1 590/763/1 192/764/1
f 192/765/1 590/766/1 591/767/1 193/768/1
f 193/769/1 591/770/1 592/771/1 194/772/1
f 194/773/1 592/774/1 593/775/1 195/776/1
f 195/777/1 593/778/1 594/779/1 196/780/1
f 196/781/1 594/782/1 595/783/1 197/784/1
f 197/785/1 595/786/1 596/787/1 198/788/1
f 198/789/1 596/790/1 597/791/1 199/792/1
f 199/793/1 597/794/1 598/795/1 200/796/1
f 200/797/1 598/798/1 599/799/1 201/800/1
f 201/801/1 599/802/1 600/803/1 202/804/1
f 202/805/1 600/806/1 601/807/1 203/808/1
f 203/809/1 601/810/1 602/811/1 204/812/1
f 204/813/1 602/814/1 603/815/1 205/816/1
f 205/817/1 603/818/1 604/819/1 206/820/1
f 206/821/1 604/822/1 605/823/1 207/824/1
f 207/825/1 605/826/1 606/827/1 208/828/1
f 208/829/1 606/830/1 607/831/1 209/832/1
f 209/833/1 607/834/1 608/835/1 210/836/1
f 210/837/1 608/838/1 609/839/1 211/840/1
f 211/841/1 609/842/1 610/843/1 212/844/1
f 212/845/1 610/846/1 611/847/1 213/848/1
f 213/849/1 611/850/1 612/851/1 214/852/1
f 214/853/1 612/854/1 613/855/1 215/856/1
f 215/857/1 613/858/1 614/859/1 216/860/1
f 216/861/1 614/862/1 615/863/1 217/864/1
f 217/865/1 615/866/1 616/867/1 218/868/1
f 218/869/1 616/870/1 617/871/1 219/872/1
f 219/873/1 617/874/1 618/875/1 220/876/1
f 220/877/1 618/878/1 619/879/1 221/880/1
f 221/881/1 619/882/1 620/883/1 222/884/1
f 222/885/1 620/886/1 621/887/1 223/888/1
f 223/889/1 621/890/1 622/891/1 224/892/1
f 224/893/1 622/894/1 623/895/1 225/896/1
f 225/897/1 623/898/1 624/899/1 226/900/1
f 226/901/1 624/902/1 625/903/1 227/904/1
f 227/905/1 625/906/1 626/907/1 228/908/1
f 228/909/1 626/910/1 627/911/1 229/912/1
f 229/913/1 627/914/1 628/915/1 230/916/1
f 230/917/1 628/918/1 629/919/1 231/920/1
f 231/921/1 629/922/1 630/923/1 232/924/1
f 232/925/1 630/926/1 631/927/1 233/928/1
f 233/929/1 631/930/1 632/931/1 234/932/1
f 234/933/1 632/934/1 633/935/1 235/936/1
f 235/937/1 633/938/1 634/939/1 236/940/1
f 236/941/1 634/942/1 635/943/1 237/944/1
f 237/945/1 635/946/1 636/947/1 238/948/1
f 238/949/1 636/950/1 637/951/1 239/952/1
f 239/953/1 637/954/1 638/955/1 240/956/1
f 240/957/1 638/958/1 639/959/1 241/960/1
f 241/961/1 639/962/1 640/963/1 242/964/1
f 242/965/1 640/966/1 641/967/1 243/968/1
f 243/969/1 641/970/1 642/971/1 244/972/1
f 244/973/1 642/974/1 643/975/1 245/976/1
f 245/977/1 643/978/1 644/979/1 246/980/1
f 246/981/1 644/982/1 645/983/1 247/984/1
f 247/985/1 645/986/1 646/987/1 248/988/1
f 248/989/1 646/990/1 647/991/1 249/992/1
f 249/993/1 647/994/1 648/995/1 250/996/1
f 250/997/1 648/998/1 649/999/1 251/1000/1
f 251/1001/1 649/1002/1 650/1003/1 252/1004/1
f 252/1005/1 650/1006/1 651/1007/1 253/1008/1
f 253/1009/1 651/1010/1 652/1011/1 254/1012/1
f 254/1013/1 652/1014/1 653/1015/1 255/1016/1
f 255/1017/1 653/1018/1 654/1019/1 256/1020/1
f 256/1021/1 654/1022/1 655/1023/1 257/1024/1
f 257/1025/1 655/1026/1 656/1027/1 258/1028/1
f 258/1029/1 656/1030/1 657/1031/1 259/1032/1
f 259/1033/1 657/1034/1 658/1035/1 260/1036/1
f 260/1037/1 658/1038/1 659/1039/1 261/1040/1
f 261/1041/1 659/1042/1 660/1043/1 262/1044/1
f 262/1045/1 660/1046/1 661/1047/1 263/1048/1
f 263/1049/1 661/1050/1 662/1051/1 264/1052/1
f 264/1053/1 662/1054/1 663/1055/1 265/1056/1
f 265/1057/1 663/1058/1 664/1059/1 266/1060/1
f 266/1061/1 664/1062/1 665/1063/1 267/1064/1
f 267/1065/1 665/1066/1 666/1067/1 268/1068/1
f 268/1069/1 666/1070/1 667/1071/1 269/1072/1
f 269/1073/1 667/1074/1 668/1075/1 270/1076/1
f 270/1077/1 668/1078/1 669/1079/1 271/1080/1
f 271/1081/1 669/1082/1 670/1083/1 272/1084/1
f 272/1085/1 670/1086/1 671/1087/1 273/1088/1
f 273/1089/1 671/1090/1 672/1091/1 274/1092/1
f 274/1093/1 672/1094/1 673/1095/1 275/1096/1
f 275/1097/1 673/1098/1 674/1099/1 276/1100/1
f 276/1101/1 674/1102/1 675/1103/1 277/1104/1
f 277/1105/1 675/1106/1 676/1107/1 278/1108/1
f 278/1109/1 676/1110/1 677/1111/1 279/1112/1
f 279/1113/1 677/1114/1 678/1115/1 280/1116/1
f 280/1117/1 678/1118/1 679/1119/1 281/1120/1
f 281/1121/1 679/1122/1 680/1123/1 282/1124/1
f 282/1125/1 680/1126/1 681/1127/1 283/1128/1
f 283/1129/1 681/1130/1 682/1131/1 284/1132/1
f 284/1133/1 682/1134/1 683/1135/1 285/1136/1
f 285/1137/1 683/1138/1 684/1139/1 286/1140/1
f 286/1141/1 684/1142/1 685/1143/1 287/1144/1
f 287/1145/1 685/1146/1 686/1147/1 288/1148/1
f 288/1149/1 686/1150/1 687/1151/1 289/1152/1
f 289/1153/1 687/1154/1 688/1155/1 290/1156/1
f 290/1157/1 688/1158/1 689/1159/1 291/1160/1
f 291/1161/1 689/1162/1 690/1163/1 292/1164/1
f 292/1165/1 690/1166/1 691/1167/1 293/1168/1
f 293/1169/1 691/1170/1 692/1171/1 294/1172/1
f 294/1173/1 692/1174/1 693/1175/1 295/1176/1
f 295/1177/1 693/1178/1 694/1179/1 296/1180/1
f 296/1181/1 694/1182/1 695/1183/1 297/1184/1
f 297/1185/1 695/1186/1 696/1187/1 298/1188/1
f 298/1189/1 696/1190/1 697/1191/1 299/1192/1
f 299/1193/1 697/1194/1 698/1195/1 300/1196/1
f 300/1197/1 698/1198/1 699/1199/1 301/1200/1
f 301/1201/1 699/1202/1 700/1203/1 302/1204/1
f 302/1205/1 700/1206/1 701/1207/1 303/1208/1
f 303/1209/1 701/1210/1 702/1211/1 304/1212/1
f 304/1213/1 702/1214/1 703/1215/1 305/1216/1
f 305/1217/1 703/1218/1 704/1219/1 306/1220/1
f 306/1221/1 704/1222/1 705/1223/1 307/1224/1
f 307/1225/1 705/1226/1 706/1227/1 308/1228/1
f 308/1229/1 706/1230/1 707/1231/1 309/1232/1
f 309/1233/1 707/1234/1 708/1235/1 310/1236/1
f 310/1237/1 708/1238/1 709/1239/1 311/1240/1
f 311/1241/1 709/1242/1 710/1243/1 312/1244/1
f 312/1245/1 710/1246/1 711/1247/1 313/1248/1
f 313/1249/1 711/1250/1 712/1251/1 314/1252/1
f 314/1253/1 712/1254/1 713/1255/1 315/1256/1
f 315/1257/1 713/1258/1 714/1259/1 316/1260/1
f 316/1261/1 714/1262/1 715/1263/1 317/1264/1
f 317/1265/1 715/1266/1 716/1267/1 318/1268/1
f 318/1269/1 716/1270/1 717/1271/1 319/1272/1
f 319/1273/1 717/1274/1 718/1275/1 320/1276/1
f 320/1277/1 718/1278/1 719/1279/1 321/1280/1
f 321/1281/1 719/1282/1 720/1283/1 322/1284/1
f 322/1285/1 720/1286/1 721/1287/1 323/1288/1
f 323/1289/1 721/1290/1 722/1291/1 324/1292/1
f 324/1293/1 722/1294/1 723/1295/1 325/1296/1
f 325/1297/1 723/1298/1 724/1299/1 326/1300/1
f 326/1301/1 724/1302/1 725/1303/1 327/1304/1
f 327/1305/1 725/1306/1 726/1307/1 328/1308/1
f 328/1309/1 726/1310/1 727/1311/1 329/1312/1
f 329/1313/1 727/1314/1 728/1315/1 330/1316/1
f 330/1317/1 728/1318/1 729/1319/1 331/1320/1
f 331/1321/1 729/1322/1 730/1323/1 332/1324/1
f 332/1325/1 730/1326/1 731/1327/1 333/1328/1
f 333/1329/1 731/1330/1 732/1331/1 334/1332/1
f 334/1333/1 732/1334/1 733/1335/1 335/1336/1
f 335/1337/1 733/1338/1 734/1339/1 336/1340/1
f 336/1341/1 734/1342/1 735/1343/1 337/1344/1
f 337/1345/1 735/1346/1 736/1347/1 338/1348/1
f 338/1349/1 736/1350/1 737/1351/1 339/1352/1
f 339/1353/1 737/1354/1 738/1355/1 340/1356/1
f 340/1357/1 738/1358/1 739/1359/1 341/1360/1
f 341/1361/1 739/1362/1 740/1363/1 342/1364/1
f 342/1365/1 740/1366/1 741/1367/1 343/1368/1
f 343/1369/1 741/1370/1 742/1371/1 344/1372/1
f 344/1373/1 742/1374/1 743/1375/1 345/1376/1
f 345/1377/1 743/1378/1 744/1379/1 346/1380/1
f 346/1381/1 744/1382/1 745/1383/1 347/1384/1
f 347/1385/1 745/1386/1 746/1387/1 348/1388/1
f 348/1389/1 746/1390/1 747/1391/1 349/1392/1
f 349/1393/1 747/1394/1 748/1395/1 350/1396/1
f 350/1397/1 748/1398/1 749/1399/1 351/1400/1
f 351/1401/1 749/1402/1 750/1403/1 352/1404/1
f 352/1405/1 750/1406/1 751/1407/1 353/1408/1
f 353/1409/1 751/1410/1 752/1411/1 354/1412/1
f 354/1413/1 752/1414/1 753/1415/1 355/1416/1
f 355/1417/1 753/1418/1 754/1419/1 356/1420/1
f 356/1421/1 754/1422/1 755/1423/1 357/1424/1
f 357/1425/1 755/1426/1 756/1427/1 358/1428/1
f 358/1429/1 756/1430/1 757/1431/1 359/1432/1
f 359/1433/1 757/1434/1 758/1435/1 360/1436/1
f 360/1437/1 758/1438/1 759/1439/1 361/1440/1
f 361/1441/1 759/1442/1 760/1443/1 362/1444/1
f 362/1445/1 760/1446/1 761/1447/1 363/1448/1
f 363/1449/1 761/1450/1 762/1451/1 364/1452/1
f 364/1453/1 762/1454/1 763/1455/1 365/1456/1
f 365/1457/1 763/1458/1 764/1459/1 366/1460/1
f 366/1461/1 764/1462/1 765/1463/1 367/1464/1
f 367/1465/1 765/1466/1 766/1467/1 368/1468/1
f 368/1469/1 766/1470/1 767/1471/1 369/1472/1
f 369/1473/1 767/1474/1 768/1475/1 370/1476/1
f 370/1477/1 768/1478/1 769/1479/1 371/1480/1
f 371/1481/1 769/1482/1 770/1483/1 372/1484/1
f 372/1485/1 770/1486/1 771/1487/1 373/1488/1
f 373/1489/1 771/1490/1 772/1491/1 374/1492/1
f 374/1493/1 772/1494/1 773/1495/1 375/1496/1
f 375/1497/1 773/1498/1 774/1499/1 376/1500/1
f 376/1501/1 774/1502/1 775/1503/1 377/1504/1
f 377/1505/1 775/1506/1 776/1507/1 378/1508/1
f 378/1509/1 776/1510/1 777/1511/1 379/1512/1
f 379/1513/1 777/1514/1 778/1515/1 380/1516/1
f 380/1517/1 778/1518/1 779/1519/1 381/1520/1
f 381/1521/1 779/1522/1 780/1523/1 382/1524/1
f 382/1525/1 780/1526/1 781/1527/1 383/1528/1
f 383/1529/1 781/1530/1 782/1531/1 384/1532/1
f 384/1533/1 782/1534/1 783/1535/1 385/1536/1
f 385/1537/1 783/1538/1 784/1539/1 386/1540/1
f 386/1541/1 784/1542/1 785/1543/1 387/1544/1
f 387/1545/1 785/1546/1 786/1547/1 388/1548/1
f 388/1549/1 786/1550/1 787/1551/1 389/1552/1
f 389/1553/1 787/1554/1 788/1555/1 390/1556/1
f 390/1557/1 788/1558/1 789/1559/1 391/1560/1
f 391/1561/1 789/1562/1 790/1563/1 392/1564/1
f 392/1565/1 790/1566/1 791/1567/1 393/1568/1
f 393/1569/1 791/1570/1 792/1571/1 394/1572/1
f 394/1573/1 792/1574/1 793/1575/1 395/1576/1
f 395/1577/1 793/1578/1 794/1579/1 396/1580/1
f 396/1581/1 794/1582/1 795/1583/1 397/1584/1
f 397/1585/1 795/1586/1 796/1587/1 398/1588/1
f 797/1589/1 798/1590/1 799/1591/1 800/1592/1
f 804/1593/1 801/1594/1 802/1595/1 803/1596/1
f 805/1597/1 806/1598/1 807/1599/1 808/1600/1
