
# middle track:
[3.0351, 0.0, 1.0587]
[-0.1101, 0., 1.5905]
[-0.1277, 0., 5.5606]
[3.0391, 0.0, 6.0398]
[4.2638, 0.0, 6.0434]
[5.4981, 0.0, 6.0447]
[6.7279, 0.0, 6.0438]
[9.8528, 0.0, 5.4901]
[9.8696, 0.0, 1.5921]
[6.7196, 0.0, 1.0708]
[5.5001, 0.0, 1.0044]
[4.2638, 0.0, 1.0134]
[3.0351, 0.0, 1.0587]



# outer track:
[3.0349, 0.0, 0.7646]
[-0.4586, 0.0, 1.2500]
[-0.4685, 0.0, 5.9051]
[3.0392, 0.0, 6.2714]
[4.2638, 0.0, 6.2982]
[5.4986, 0.0, 6.2889]
[6.7270, 0.0, 6.2841]
[10.2129, 0.0, 5.8018]
[10.1441, 0.0, 1.2490]
[6.7192, 0.0, 0.7779]
[5.5001, 0.0, 0.7721]
[4.2638, 0.0, 0.7646]
[3.0349, 0.0, 0.7646]



# inner track:
[3.0353, 0.0, 1.2871]
[0.1434, 0.0, 1.8681]
[0.3257, 0.0, 5.3485]
[3.0388, 0.0, 5.7567]
[4.2638, 0.0, 5.7564]
[5.5000, 0.0, 5.7589]
[6.7262, 0.0, 5.7587]
[9.5086, 0.0, 5.3550]
[9.4325, 0.0, 1.7729]
[6.7199, 0.0, 1.2977]
[5.5001, 0.0, 1.2958]
[4.2638, 0.0, 1.2982]
[3.0353, 0.0, 1.2871]


